-56.3017,-82.1666,16
-55.402,-81.7301,16
-54.5228,-81.2544,16
-53.7172,-80.6661,16
-52.9732,-79.9996,16
-52.134,-79.4576,16
-51.2601,-78.9717,16
-50.3723,-78.5115,16
-49.4777,-78.0645,16
-48.5786,-77.6269,16
-47.6746,-77.1993,16
-46.7619,-76.7908,16
-45.8271,-76.4378,16
-44.8357,-76.3621,16
-43.8362,-76.3296,16
-42.8429,-76.2268,16
-41.884,-75.9511,16
-40.972,-75.5417,16
-40.0251,-75.222,16
-39.067,-74.9356,16
-38.1199,-74.6153,16
-37.2009,-74.2226,16
-36.3478,-73.7026,16
-35.5648,-73.0814,16
-34.7746,-72.469,16
-33.9416,-71.9162,16
-33.1126,-71.3574,16
-32.3418,-70.7218,16
-31.6664,-69.9858,16
-31.0796,-69.1771,16
-30.5525,-68.3276,16
-30.0625,-67.456,16
-29.5967,-66.5712,16
-29.1453,-65.6789,16
-28.6993,-64.7838,16
-28.2886,-63.8722,16
-27.9109,-62.9463,16
-27.542,-62.0169,16
-27.1916,-61.0803,16
-26.9449,-60.1614,16
-26.7256,-59.2197,16
-26.7239,-58.2218,16
-26.5419,-57.2389,16
-26.5678,-56.2601,16
-27.4947,-56.2859,16
-28.4183,-56.1366,16
-28.9863,-55.3181,16
-29.3978,-54.4085,16
-29.492,-53.4261,16
-29.0868,-52.5169,16
-28.5032,-51.7053,16
-27.9015,-50.9066,16
-27.3056,-50.1036,16
-26.7361,-49.2818,16
-26.3738,-48.3622,16
-26.4805,-47.3739,16
-26.7572,-46.414,16
-27.1033,-45.4759,16
-27.4635,-44.543,16
-27.8252,-43.6107,16
-28.1653,-42.6705,16
-28.4331,-41.7088,16
-28.2433,-40.7396,16
-27.805,-39.8411,16
-27.5994,-38.8815,16
-27.7649,-37.8954,16
-27.9642,-36.9155,16
-28.1827,-35.9397,16
-28.4224,-34.9689,16
-28.6885,-34.005,16
-28.9667,-33.0445,16
-29.2364,-32.0816,16
-29.4608,-31.1074,16
-29.6135,-30.1194,16
-29.7638,-29.1309,16
-29.9642,-28.1513,16
-30.1766,-27.1741,16
-30.3923,-26.1977,16
-30.61,-25.2216,16
-30.8288,-24.2459,16
-31.0483,-23.2702,16
-31.2314,-22.2876,16
-31.3926,-21.3006,16
-31.5526,-20.3135,16
-31.7115,-19.3262,16
-31.869,-18.3387,16
-32.0235,-17.3507,16
-32.1619,-16.3605,16
-32.2179,-15.3629,16
-32.1516,-14.3653,16
-32.0642,-13.3691,16
-31.9724,-12.3734,16
-31.8796,-11.3777,16
-31.7891,-10.3818,16
-31.7115,-9.3848,16
-31.6484,-8.3868,16
-31.5597,-7.3909,16
-31.2933,-6.4413,16
-30.656,-5.6732,16
-29.9904,-4.9272,16
-29.3681,-4.1444,16
-28.7484,-3.3596,16
-28.1201,-2.5816,16
-27.4785,-1.8146,16
-26.8199,-1.0622,16
-26.1394,-0.3297,16
-25.4286,0.3733,16
-24.6774,1.0325,16
-23.8853,1.6422,16
-23.0616,2.2087,16
-22.2143,2.7396,16
-21.3511,3.2443,16
-20.4853,3.7448,16
-19.6742,4.3272,16
-18.9364,5.0018,16
-18.1146,5.5691,16
-17.2201,6.0141,16
-16.3052,6.4178,16
-15.4105,6.8643,16
-14.5178,7.3151,16
-13.6216,7.7587,16
-12.7196,8.1903,16
-11.8096,8.6049,16
-10.8891,8.9954,16
-9.9535,9.3477,16
-8.9946,9.6287,16
-8.0062,9.7717,16
-7.0079,9.7456,16
-6.017,9.6128,16
-5.0227,9.5122,16
-4.0236,9.5249,16
-3.0341,9.6656,16
-2.0563,9.8744,16
-1.0851,10.1127,16
-0.117,10.3631,16
0.8514,10.6126,16
1.8242,10.8441,16
2.8076,11.022,16
3.7921,10.9923,16
4.6097,10.4317,16
5.2659,9.6798,16
5.8612,9.2781,16
6.7102,9.6963,16
7.6929,9.8796,16
8.6858,9.9947,16
9.6846,10.0267,16
10.6804,9.9467,16
11.656,9.7318,16
12.6089,9.4297,16
13.5415,9.0696,16
14.455,8.6634,16
15.3503,8.2183,16
16.2276,7.7388,16
17.0868,7.2273,16
17.9269,6.6852,16
18.7403,6.1043,16
19.5225,5.4821,16
20.2694,4.8176,16
20.9837,4.1179,16
21.6688,3.3895,16
22.33,2.6394,16
22.9777,1.8775,16
23.6525,1.1402,16
24.3598,0.4335,16
24.9826,-0.3478,16
25.5267,-1.1865,16
26.0248,-2.0536,16
26.485,-2.9411,16
26.8654,-3.8652,16
27.1427,-4.8254,16
27.3219,-5.8085,16
27.6336,-6.7584,16
27.8991,-7.7223,16
28.1283,-8.6956,16
28.3356,-9.6738,16
28.5126,-10.658,16
28.6733,-11.645,16
28.8291,-12.6328,16
28.9886,-13.62,16
29.1776,-14.6018,16
29.4241,-15.5708,16
29.6394,-16.5472,16
29.826,-17.5296,16
30.0094,-18.5126,16
30.1914,-19.4959,16
30.3726,-20.4794,16
30.5532,-21.4629,16
30.7329,-22.4466,16
30.9118,-23.4305,16
31.0897,-24.4146,16
31.2654,-25.399,16
31.386,-26.3897,16
31.4173,-27.3891,16
31.4581,-28.3883,16
31.5042,-29.3872,16
31.5687,-30.3851,16
31.6367,-31.3828,16
31.7028,-32.3806,16
31.7651,-33.3786,16
31.8221,-34.377,16
31.8712,-35.3758,16
31.9058,-36.3752,16
31.9021,-37.3749,16
31.7617,-38.3626,16
31.4224,-39.3009,16
31.0109,-40.2121,16
30.6541,-41.146,16
30.3207,-42.0888,16
29.9798,-43.0289,16
29.6209,-43.9623,16
29.2403,-44.887,16
28.8358,-45.8015,16
28.4042,-46.7035,16
27.9387,-47.5886,16
27.4485,-48.4601,16
26.9441,-49.3235,16
26.4297,-50.181,16
25.9073,-51.0337,16
25.3762,-51.881,16
24.8399,-52.725,16
24.2978,-53.5654,16
23.746,-54.3993,16
22.8999,-54.9148,16
22.0409,-55.4257,16
21.1656,-55.9092,16
20.2884,-56.3894,16
19.4094,-56.8662,16
18.5276,-57.3377,16
17.6441,-57.8062,16
16.7681,-58.2884,16
15.8749,-58.7369,16
14.9272,-59.0457,16
13.9331,-59.1152,16
12.9542,-59.2506,16
12.2441,-59.9201,16
11.7465,-60.7845,16
11.0869,-61.5352,16
10.4026,-62.2644,16
9.7058,-62.9816,16
8.9958,-63.6858,16
8.2709,-64.3745,16
7.5272,-65.043,16
6.7581,-65.6817,16
5.9529,-66.2739,16
5.1172,-66.8224,16
4.2584,-67.3344,16
3.3823,-67.8164,16
2.4934,-68.2742,16
1.5992,-68.7218,16
0.748,-69.2421,16
0.0017,-69.9071,16
-0.6919,-70.6268,16
-1.466,-71.2593,16
-2.2186,-71.9178,16
-2.9676,-72.5804,16
-3.7117,-73.2484,16
-4.4127,-73.959,16
-5.0276,-74.7444,16
-5.7472,-75.438,16
-6.3309,-76.2496,16
-6.9081,-77.0661,16
-7.5403,-77.8401,16
-8.2626,-78.5299,16
-9.0663,-79.1245,16
-9.8762,-79.7086,16
-10.6254,-80.3602,16
-11.5506,-80.7297,16
-12.3109,-81.3744,16
-13.0593,-82.0367,16
-13.713,-82.7918,16
-14.2547,-83.6319,16
-14.7782,-84.4839,16
-15.2974,-85.3385,16
-15.82,-86.1909,16
-16.39,-86.9761,16
-16.7125,-87.9226,16
-17.0343,-88.8694,16
-17.3658,-89.8129,16
-17.9047,-90.484,16
-18.6524,-90.8874,16
-19.0989,-91.7792,16
-19.6242,-92.6173,16
-19.8672,-93.47,16
-19.043,-93.7099,16
-19.7243,-94.2169,16
-20.3253,-94.9186,16
-21.0398,-95.6182,16
-21.6124,-96.387,16
-22.5881,-96.6015,16
-23.5751,-96.762,16
-24.2364,-97.1999,16
-24.2508,-97.3472,16
-24.1634,-96.3552,16
-24.2449,-95.6441,16
-24.9931,-96.2854,16
-25.798,-96.2378,16
-26.7388,-96.5031,16
-27.5516,-96.8289,16
-28.0579,-97.6591,16
-28.5535,-98.4177,16
-27.6298,-98.7682,16
-26.6585,-99.0053,16
-25.673,-99.1665,16
-24.8212,-98.7407,16
-24.1487,-99.3247,16
-24.0215,-100.2929,16
-24.3095,-101.25,16
-24.3268,-102.2429,16
-24.0119,-103.1902,16
-23.6785,-104.1328,16
-62.6332,-89.4933,17
-61.8157,-88.9462,17
-60.878,-88.6538,17
-59.9793,-88.2154,17
-59.0864,-87.7651,17
-58.1957,-87.3105,17
-57.3075,-86.8511,17
-56.422,-86.3864,17
-55.5417,-85.912,17
-54.7002,-85.3742,17
-53.9499,-84.7141,17
-53.1776,-84.079,17
-52.3907,-83.4619,17
-51.6016,-82.8476,17
-50.8026,-82.2468,17
-50.0181,-81.6284,17
-49.0778,-81.3102,17
-48.1054,-81.0771,17
-47.1402,-80.8158,17
-46.1933,-80.4951,17
-45.2712,-80.1092,17
-44.3697,-79.6765,17
-43.4557,-79.2736,17
-42.4643,-79.2025,17
-41.5112,-78.9453,17
-40.5529,-78.6608,17
-39.5916,-78.3852,17
-38.633,-78.1005,17
-37.6837,-77.7869,17
-36.7923,-77.3374,17
-35.9249,-76.8451,17
-35.0645,-76.3429,17
-34.2468,-75.7672,17
-33.4297,-75.1907,17
-32.6123,-74.6146,17
-31.7937,-74.0403,17
-30.9649,-73.4833,17
-30.0898,-73.0279,17
-29.4633,-72.2746,17
-28.954,-71.414,17
-28.4453,-70.5531,17
-27.937,-69.6919,17
-27.4291,-68.8305,17
-26.9218,-67.9687,17
-26.4158,-67.1062,17
-25.9123,-66.2422,17
-25.4815,-65.3434,17
-25.0999,-64.4196,17
-24.6943,-63.5055,17
-24.2858,-62.5928,17
-23.9458,-61.7467,17
-24.5796,-61.0623,17
-24.2036,-60.1411,17
-23.7196,-59.271,17
-23.2398,-58.3972,17
-23.6608,-57.5907,17
-24.0034,-56.6607,17
-23.7777,-55.7165,17
-23.1765,-54.9197,17
-22.904,-54.0036,17
-22.8952,-53.0041,17
-22.8719,-52.0044,17
-22.8531,-51.0046,17
-22.8422,-50.0047,17
-22.8366,-49.0047,17
-22.8431,-48.0048,17
-22.8813,-47.0056,17
-22.93,-46.0068,17
-23.0004,-45.0093,17
-23.1259,-44.0174,17
-23.2917,-43.0312,17
-23.4376,-42.042,17
-23.6911,-41.0755,17
-23.9864,-40.1201,17
-24.2724,-39.1619,17
-24.4854,-38.1873,17
-24.4851,-37.1886,17
-24.6884,-36.2141,17
-24.9633,-35.2526,17
-25.2389,-34.2914,17
-25.513,-33.3297,17
-25.7846,-32.3673,17
-26.0524,-31.4038,17
-26.3127,-30.4382,17
-26.5569,-29.4685,17
-26.7838,-28.4947,17
-26.9884,-27.5158,17
-27.1829,-26.5349,17
-27.3798,-25.5545,17
-27.5782,-24.5744,17
-27.7693,-23.5928,17
-27.9428,-22.608,17
-28.0966,-21.6199,17
-28.2232,-20.628,17
-28.3385,-19.6347,17
-28.482,-18.6451,17
-28.6478,-17.6589,17
-28.762,-16.6658,17
-28.6646,-15.675,17
-28.3278,-14.7347,17
-27.9896,-13.7944,17
-27.8284,-12.8108,17
-27.7726,-11.8124,17
-27.705,-10.8147,17
-27.588,-9.8217,17
-27.3871,-8.8423,17
-27.0429,-7.9046,17
-26.5469,-7.0379,17
-25.9389,-6.2454,17
-25.2531,-5.5184,17
-24.5245,-4.8335,17
-23.8409,-4.1048,17
-23.2007,-3.3366,17
-22.5161,-2.6096,17
-21.6804,-2.0634,17
-20.9364,-1.3966,17
-20.2059,-0.7136,17
-19.4642,-0.043,17
-18.7074,0.6105,17
-17.9331,1.2431,17
-17.1387,1.8504,17
-16.3164,2.4195,17
-15.4659,2.9451,17
-14.595,3.4361,17
-13.7088,3.899,17
-12.8106,4.3384,17
-11.9028,4.7577,17
-10.9875,5.1604,17
-10.0672,5.5516,17
-9.1494,5.9485,17
-8.2511,6.3879,17
-7.319,6.742,17
-6.3243,6.7077,17
-5.3372,6.8459,17
-4.3576,7.0471,17
-3.3789,7.2523,17
-2.4005,7.4587,17
-1.4219,7.6646,17
-0.4431,7.8694,17
0.536,8.0728,17
1.5161,8.2713,17
2.4974,8.4637,17
3.4814,8.6419,17
4.4469,8.6102,17
5.0961,7.8512,17
5.7416,7.0875,17
6.4365,6.3695,17
7.2265,5.7596,17
8.1175,5.3152,17
9.0746,5.0271,17
10.0463,4.7912,17
11.0234,4.5786,17
12.0036,4.3806,17
12.9859,4.1936,17
13.97,4.0159,17
14.9555,3.8461,17
15.9122,3.606,17
16.6483,2.93,17
17.3579,2.2254,17
18.0541,1.5076,17
18.7344,0.7747,17
19.3916,0.021,17
20.0077,-0.7664,17
20.5651,-1.5964,17
21.0737,-2.4571,17
21.5461,-3.3384,17
22.004,-4.2274,17
22.5618,-5.0552,17
23.169,-5.8492,17
23.741,-6.6693,17
24.2215,-7.5442,17
24.5366,-8.4908,17
24.7056,-9.4762,17
24.8406,-10.467,17
24.9731,-11.4582,17
25.1222,-12.447,17
25.3038,-13.4303,17
25.5161,-14.4075,17
25.7483,-15.3802,17
25.9954,-16.3492,17
26.2476,-17.3168,17
26.4829,-18.2887,17
26.6988,-19.2651,17
26.8883,-20.2467,17
27.0064,-21.2394,17
27.0621,-22.2377,17
27.0985,-23.2371,17
27.1276,-24.2366,17
27.153,-25.2363,17
27.1759,-26.236,17
27.1973,-27.2358,17
27.2183,-28.2356,17
27.2472,-29.2351,17
27.2935,-30.2341,17
27.3255,-31.2335,17
27.3656,-32.2327,17
27.4011,-33.2321,17
27.4292,-34.2317,17
27.4435,-35.2316,17
27.4407,-36.2316,17
27.4106,-37.2309,17
27.3236,-38.2264,17
27.128,-39.2062,17
26.8071,-40.1524,17
26.3786,-41.0553,17
25.9199,-41.9439,17
25.4505,-42.8267,17
24.9253,-43.6775,17
24.3724,-44.5107,17
23.8455,-45.3604,17
23.3654,-46.2374,17
22.9311,-47.138,17
22.5245,-48.0516,17
22.1237,-48.9677,17
21.7071,-49.8767,17
21.2525,-50.7671,17
20.7162,-51.6101,17
20.1022,-52.3988,17
19.4316,-53.1402,17
18.7009,-53.8223,17
17.9165,-54.4415,17
17.0436,-54.925,17
16.1434,-55.3603,17
15.2459,-55.8013,17
14.3458,-56.2369,17
13.4464,-56.674,17
12.5541,-57.1252,17
11.6999,-57.6449,17
10.8957,-58.2282,17
10.1688,-58.9136,17
9.4643,-59.6233,17
8.7582,-60.3314,17
8.0497,-61.0372,17
7.3382,-61.7399,17
6.6229,-62.4386,17
5.9002,-63.1298,17
5.1649,-63.8076,17
4.3862,-64.4335,17
3.5495,-64.9804,17
2.6751,-65.465,17
1.7841,-65.9191,17
0.9024,-66.3906,17
0.101,-66.9861,17
-0.6394,-67.658,17
-1.3386,-68.3722,17
-2.0588,-69.0635,17
-2.8404,-69.6869,17
-3.5905,-70.3481,17
-4.3317,-71.0194,17
-5.062,-71.7024,17
-5.7099,-72.4621,17
-6.2857,-73.2794,17
-6.9664,-74.0092,17
-7.6995,-74.6893,17
-8.38,-75.4204,17
-8.9612,-76.2333,17
-9.6977,-76.9025,17
-10.4799,-77.5226,17
-11.1992,-78.2173,17
-12.047,-78.7168,17
-12.8276,-79.3361,17
-13.5492,-80.0249,17
-14.3551,-80.6166,17
-15.1021,-81.2805,17
-15.8154,-81.9814,17
-16.5208,-82.6902,17
-17.2167,-83.4082,17
-17.6914,-84.2803,17
-18.0731,-85.2046,17
-18.4765,-86.1196,17
-18.8868,-87.0315,17
-19.269,-87.9549,17
-19.8911,-88.7096,17
-20.6679,-89.3393,17
-21.5899,-89.5618,17
-22.5888,-89.5973,17
-23.5853,-89.6806,17
-24.582,-89.7578,17
-25.1191,-90.2243,17
-25.1312,-91.2186,17
-25.1998,-92.2151,17
-25.5831,-93.1234,17
-26.3325,-93.777,17
-27.2025,-94.2673,17
-27.7516,-95.0708,17
-28.0713,-96.0174,17
-28.4329,-96.9468,17
-28.9958,-97.7717,17
-29.6424,-98.5343,17
-30.299,-99.2886,17
-30.9409,-100.0554,17
-31.5688,-100.8336,17
-32.1858,-101.6205,17
-32.7998,-102.4099,17
-33.4145,-103.1986,17
-34.1053,-103.9159,17
-33.7057,-104.7653,17
-33.039,-105.5105,17
-32.3018,-106.0697,17
-31.7651,-106.8724,17
-31.5167,-107.841,17
-31.2907,-108.8151,17
-67.5453,-94.9859,18
-66.5799,-94.7586,18
-65.6424,-94.4104,18
-64.7041,-94.0646,18
-63.7531,-93.7567,18
-62.7883,-93.4943,18
-61.8542,-93.141,18
-60.9934,-92.6356,18
-60.2103,-92.0156,18
-59.4794,-91.3335,18
-58.762,-90.6369,18
-57.9497,-90.0727,18
-56.971,-89.8972,18
-55.9835,-89.9774,18
-55.0574,-89.6484,18
-54.3139,-88.9847,18
-53.5272,-88.3674,18
-52.7399,-87.7507,18
-51.9523,-87.1346,18
-51.1643,-86.5189,18
-50.3755,-85.9042,18
-49.5807,-85.2976,18
-48.7673,-84.7171,18
-48.0127,-84.0613,18
-47.2004,-83.479,18
-46.2834,-83.0882,18
-45.3171,-82.8308,18
-44.3475,-82.5863,18
-43.3776,-82.3425,18
-42.4132,-82.0793,18
-41.6123,-81.5139,18
-40.648,-81.2555,18
-39.7803,-80.7645,18
-38.9144,-80.2642,18
-38.0495,-79.7623,18
-37.1819,-79.2651,18
-36.2997,-78.7952,18
-35.371,-78.4252,18
-34.461,-78.0111,18
-33.6018,-77.5018,18
-32.8066,-76.8957,18
-31.9766,-76.3404,18
-31.0328,-76.0308,18
-30.0771,-75.7527,18
-29.2371,-75.214,18
-28.444,-74.6051,18
-27.6072,-74.0583,18
-26.788,-73.487,18
-26.1176,-72.7477,18
-25.611,-71.8867,18
-25.1378,-71.0071,18
-24.7179,-70.1028,18
-24.3815,-69.1611,18
-24.0386,-68.2217,18
-23.6705,-67.292,18
-23.2822,-66.3705,18
-22.8794,-65.4552,18
-22.4457,-64.5556,18
-22.0667,-63.6304,18
-21.7029,-62.6989,18
-21.5788,-61.7417,18
-21.1992,-60.8168,18
-20.8436,-59.8828,18
-20.7076,-58.8985,18
-20.7676,-57.9098,18
-20.8453,-56.9641,18
-20.3419,-56.1014,18
-19.8169,-55.2503,18
-19.4796,-54.32,18
-19.1919,-53.4549,18
-19.2395,-52.4563,18
-19.3037,-51.4583,18
-19.3641,-50.4602,18
-19.3926,-49.4607,18
-19.4041,-48.4608,18
-19.4506,-47.4619,18
-19.5015,-46.4632,18
-19.5578,-45.4648,18
-19.6256,-44.4671,18
-19.7858,-43.4812,18
-20.4244,-42.7761,18
-20.8228,-41.9355,18
-20.9064,-40.9391,18
-20.9711,-39.9412,18
-21.0421,-38.9438,18
-21.1917,-37.9569,18
-21.4782,-36.9994,18
-21.6581,-36.0233,18
-21.9081,-35.0551,18
-22.1603,-34.0874,18
-22.4117,-33.1195,18
-22.66,-32.1508,18
-22.9016,-31.1804,18
-23.1392,-30.2091,18
-23.369,-29.2358,18
-23.582,-28.2588,18
-23.7805,-27.2787,18
-23.9549,-26.2941,18
-24.1148,-25.3069,18
-24.2727,-24.3195,18
-24.4185,-23.3302,18
-24.5368,-22.3373,18
-24.5907,-21.3392,18
-24.5491,-20.3402,18
-24.5591,-19.3414,18
-24.6939,-18.351,18
-24.74,-17.3609,18
-24.4233,-16.4134,18
-24.0694,-15.4781,18
-23.7162,-14.5425,18
-23.3674,-13.6053,18
-23.0265,-12.6652,18
-22.7088,-11.7172,18
-22.4984,-10.7418,18
-22.4582,-9.7432,18
-22.1899,-8.7868,18
-21.6328,-7.9597,18
-20.9396,-7.2391,18
-20.2638,-6.503,18
-19.703,-5.6767,18
-19.1806,-4.8246,18
-18.5076,-4.0872,18
-17.7563,-3.4274,18
-16.9878,-2.7876,18
-16.2122,-2.1564,18
-15.432,-1.5309,18
-14.6482,-0.9099,18
-13.8369,-0.3295,18
-12.9494,0.1311,18
-12.0576,0.5837,18
-11.161,1.0265,18
-10.258,1.4561,18
-9.3454,1.8644,18
-8.4142,2.2279,18
-7.4473,2.4785,18
-6.4558,2.6033,18
-5.4598,2.6907,18
-4.4767,2.8697,18
-3.5179,3.1522,18
-2.5711,3.4738,18
-1.6234,3.7931,18
-0.6686,4.0899,18
0.2975,4.3473,18
1.2775,4.544,18
2.2708,4.6497,18
3.2684,4.6237,18
4.2547,4.4663,18
5.2197,4.2068,18
6.1609,3.8701,18
7.0782,3.4725,18
7.9722,3.025,18
8.8412,2.5306,18
9.5917,1.8845,18
10.5767,1.7372,18
11.5577,1.5641,18
12.4327,1.0948,18
13.2237,0.4835,18
13.9886,-0.1606,18
14.7318,-0.8295,18
15.2989,-1.647,18
15.9212,-2.4298,18
16.5396,-3.2156,18
17.1416,-4.0141,18
17.7194,-4.8302,18
18.2692,-5.6654,18
18.801,-6.5122,18
19.323,-7.3651,18
19.8359,-8.2235,18
20.3378,-9.0885,18
20.8213,-9.9637,18
21.2342,-10.8721,18
21.3984,-11.8551,18
21.5567,-12.8415,18
21.7855,-13.8149,18
22.0306,-14.7844,18
22.2913,-15.7497,18
22.5935,-16.7029,18
22.8898,-17.658,18
23.149,-18.6237,18
23.3625,-19.6004,18
23.5335,-20.5856,18
23.6757,-21.5753,18
23.7804,-22.5697,18
23.8201,-23.5687,18
23.8103,-24.5685,18
23.7674,-25.5675,18
23.6804,-26.5634,18
23.522,-27.5505,18
23.3168,-28.5291,18
23.1356,-29.5124,18
23.0128,-30.5046,18
22.9395,-31.5019,18
22.8932,-32.5008,18
22.8634,-33.5004,18
22.8452,-34.5002,18
22.8344,-35.5001,18
22.8259,-36.5001,18
22.8017,-37.4998,18
22.7476,-38.4975,18
22.4941,-39.4614,18
22.1027,-40.3815,18
21.6951,-41.2947,18
21.2815,-42.2051,18
20.8626,-43.1131,18
20.4386,-44.0188,18
20.0044,-44.9196,18
19.5602,-45.8155,18
19.1004,-46.7034,18
18.6082,-47.5735,18
18.0275,-48.3855,18
17.3518,-49.1211,18
16.6125,-49.7941,18
15.8782,-50.4723,18
15.3517,-51.3094,18
15.1318,-52.2811,18
14.935,-53.2427,18
14.1456,-53.8499,18
13.2918,-54.3705,18
12.4384,-54.8917,18
11.5874,-55.4169,18
10.7562,-55.9719,18
10.0317,-56.6566,18
9.2693,-57.2519,18
8.4111,-57.7586,18
7.6022,-58.3464,18
6.8107,-58.9576,18
6.0337,-59.5869,18
5.27,-60.2325,18
4.5261,-60.9006,18
3.8109,-61.5994,18
3.1078,-62.3105,18
2.3242,-62.9259,18
1.4422,-63.397,18
0.5654,-63.8768,18
-0.2373,-64.4714,18
-0.986,-65.1342,18
-1.7123,-65.8215,18
-2.3923,-66.5542,18
-3.1167,-67.2422,18
-3.9024,-67.8605,18
-4.6446,-68.5297,18
-5.3731,-69.2148,18
-6.0988,-69.9028,18
-6.7478,-70.6585,18
-7.355,-71.453,18
-7.9373,-72.1165,18
-8.5168,-72.9212,18
-9.3274,-73.503,18
-10.1706,-74.0406,18
-10.9974,-74.6019,18
-11.1845,-75.3399,18
-11.9142,-76.0233,18
-12.7593,-76.4706,18
-13.6152,-75.9689,18
-14.2448,-76.5143,18
-14.6863,-77.3951,18
-15.5043,-77.9654,18
-16.3849,-78.4393,18
-17.2411,-78.9547,18
-18.0742,-79.506,18
-19.0134,-79.8347,18
-19.9869,-80.0366,18
-20.7223,-80.6152,18
-21.6801,-80.3647,18
-22.6476,-80.607,18
-23.4541,-81.1367,18
-23.4055,-82.1056,18
-24.184,-82.7241,18
-25.041,-83.235,18
-25.0768,-84.2251,18
-25.1434,-85.2222,18
-25.3076,-86.2084,18
-25.5129,-87.187,18
-25.8162,-88.1356,18
-26.1099,-89.0692,18
-26.2085,-90.0592,18
-26.489,-91.0188,18
-26.6094,-92.0069,18
-26.8155,-92.9557,18
-27.6031,-93.5566,18
-28.1789,-94.3319,18
-28.5997,-95.239,18
-29.0053,-96.153,18
-29.3582,-97.0855,18
-29.9728,-97.8722,18
-30.6203,-98.6342,18
-31.2565,-99.4058,18
-31.8911,-100.1786,18
-32.5237,-100.9531,18
-33.1487,-101.7337,18
-33.7628,-102.5229,18
-34.3994,-103.2937,18
-35.052,-104.0515,18
-35.7032,-104.8103,18
-36.3497,-105.5732,18
-36.976,-106.3528,18
-37.309,-107.0751,18
-37.4831,-108.0584,18
-37.614,-109.0498,18
-37.7072,-110.0452,18
-37.7135,-111.0436,18
-37.4458,-111.9997,18
-36.9692,-112.8772,18
-36.4868,-113.7504,18
-37.9733,-16.2482,14
-38.1035,-15.2567,14
-38.2348,-14.2654,14
-38.3623,-13.2736,14
-38.48,-12.2805,14
-38.5493,-11.2837,14
-38.4798,-10.2872,14
-38.3357,-9.2977,14
-38.1768,-8.3104,14
-38.0133,-7.3239,14
-37.845,-6.3382,14
-37.6717,-5.3533,14
-37.4939,-4.3692,14
-37.3094,-3.3864,14
-37.1113,-2.4062,14
-36.8923,-1.4306,14
-36.5823,-0.4838,14
-36.0011,0.3238,14
-35.2941,1.0305,14
-34.6561,1.7997,14
-34.0451,2.5914,14
-33.4322,3.3816,14
-32.8123,4.1662,14
-32.1811,4.9417,14
-31.5329,5.7031,14
-30.8573,6.44,14
-30.1299,7.125,14
-29.3087,7.6932,14
-28.4011,8.1101,14
-27.4584,8.4433,14
-26.5363,8.8282,14
-25.6504,9.2908,14
-24.7958,9.8096,14
-23.9595,10.3579,14
-23.0995,10.8677,14
-22.2114,11.3267,14
-21.3052,11.7494,14
-20.3885,12.149,14
-19.4651,12.5329,14
-18.538,12.9076,14
-17.6086,13.2767,14
-16.6783,13.6436,14
-15.7499,14.0151,14
-14.8245,14.3942,14
-13.8966,14.7668,14
-12.9559,15.1053,14
-11.9916,15.3683,14
-11.0048,15.5275,14
-10.0058,15.5591,14
-9.0059,15.5494,14
-8.0067,15.5145,14
-7.0096,15.4385,14
-6.0126,15.3608,14
-5.0142,15.3055,14
-4.0153,15.2578,14
-3.0164,15.21,14
-2.0173,15.1683,14
-1.0177,15.1404,14
-0.018,15.153,14
0.9724,15.2795,14
1.9407,15.5287,14
2.8789,15.5151,14
3.5606,15.2325,14
4.0353,16.1085,14
4.8011,16.7409,14
5.6604,17.2523,14
6.4865,17.8137,14
7.2919,18.4005,14
8.2547,18.5545,14
9.2115,18.2723,14
10.1386,17.8978,14
11.054,17.4952,14
11.9636,17.0798,14
12.8703,16.6581,14
13.7766,16.2355,14
14.6875,15.8229,14
15.6102,15.4375,14
16.538,15.0646,14
17.4651,14.6897,14
18.3859,14.2998,14
19.3033,13.9019,14
20.2028,13.4655,14
21.0876,12.9996,14
21.9594,12.5103,14
22.784,11.9455,14
23.5659,11.3224,14
24.3021,10.646,14
24.9937,9.924,14
25.6597,9.1781,14
26.3064,8.4155,14
26.9088,7.6174,14
27.4828,6.7986,14
28.07,5.9892,14
28.6796,5.1965,14
29.2981,4.4108,14
29.917,3.6252,14
30.5283,2.8339,14
31.1065,2.0186,14
31.5357,1.1187,14
31.7908,0.1523,14
31.9694,-0.8313,14
32.1196,-1.82,14
32.3071,-2.802,14
32.5503,-3.7717,14
32.8391,-4.729,14
33.1435,-5.6816,14
33.4546,-6.6319,14
33.7692,-7.5812,14
34.0856,-8.5298,14
34.4023,-9.4783,14
34.7159,-10.4279,14
34.9787,-11.3922,14
35.1986,-12.3675,14
35.4789,-13.3274,14
35.7647,-14.2857,14
36.0516,-15.2437,14
36.3391,-16.2015,14
36.6269,-17.1592,14
36.9146,-18.1169,14
37.2023,-19.0746,14
37.4896,-20.0324,14
37.7765,-20.9904,14
38.0624,-21.9487,14
38.3452,-22.9078,14
38.5914,-23.8768,14
38.7549,-24.863,14
38.8577,-25.8576,14
38.9656,-26.8517,14
39.1312,-27.8375,14
39.3324,-28.8171,14
39.5352,-29.7963,14
39.7338,-30.7763,14
39.9256,-31.7578,14
40.1068,-32.7412,14
40.2703,-33.7277,14
40.4125,-34.7175,14
40.5214,-35.7113,14
40.5684,-36.7093,14
40.5086,-37.7064,14
40.3554,-38.6938,14
40.0845,-39.6555,14
39.7325,-40.5913,14
39.3659,-41.5217,14
39.0267,-42.4624,14
38.6944,-43.4056,14
38.3523,-44.3452,14
38.0038,-45.2826,14
37.6525,-46.2188,14
37.2989,-47.1542,14
36.9416,-48.0882,14
36.5822,-49.0214,14
36.2207,-49.9537,14
35.8546,-50.8843,14
35.4854,-51.8137,14
35.1114,-52.7411,14
34.7275,-53.6645,14
34.3065,-54.5709,14
33.5176,-55.1378,14
32.6145,-55.5641,14
31.7317,-56.034,14
30.8431,-56.4924,14
29.9007,-56.774,14
29.0704,-57.322,14
28.1804,-57.7778,14
27.2916,-58.2363,14
26.4083,-58.7049,14
25.5429,-59.2055,14
24.7233,-59.7773,14
23.9115,-60.3599,14
23.023,-60.8159,14
22.0857,-61.1624,14
21.1101,-61.3798,14
20.1264,-61.5596,14
19.1307,-61.6341,14
18.1311,-61.6123,14
17.1335,-61.6628,14
16.1845,-61.9626,14
15.3573,-62.513,14
14.6886,-63.2543,14
14.1091,-64.0691,14
13.5751,-64.9146,14
13.0654,-65.7749,14
12.5574,-66.6363,14
11.9984,-67.4641,14
11.3331,-68.2105,14
10.5871,-68.875,14
9.7666,-69.445,14
8.9099,-69.9607,14
8.0474,-70.4668,14
7.1814,-70.9669,14
6.314,-71.4645,14
5.4455,-71.9602,14
4.576,-72.4541,14
3.7056,-72.9464,14
2.8345,-73.4376,14
1.9629,-73.9277,14
1.1522,-74.5035,14
0.457,-75.2184,14
-0.1618,-76.0039,14
-0.7785,-76.7912,14
-1.3951,-77.5784,14
-2.0138,-78.3641,14
-2.6364,-79.1466,14
-3.2695,-79.9206,14
-4.1385,-80.2513,14
-4.728,-81.0547,14
-5.5113,-81.6661,14
-6.1474,-82.4299,14
-6.6698,-83.2823,14
-7.2144,-84.1209,14
-7.8232,-84.9134,14
-8.4918,-85.6568,14
-9.1812,-86.3812,14
-9.8342,-87.1379,14
-10.3489,-87.9925,14
-10.8747,-88.8402,14
-11.6076,-89.5124,14
-12.4501,-90.0506,14
-13.1006,-90.795,14
-13.3165,-91.7605,14
-13.0736,-92.7267,14
-12.6565,-93.6354,14
-12.3033,-94.5707,14
-11.9718,-95.5141,14
-41.654,-4.9407,13
-41.5734,-3.945,13
-41.3902,-2.9623,13
-41.1043,-2.0048,13
-40.6995,-1.0906,13
-40.3877,-0.142,13
-40.159,0.8314,13
-39.848,1.7809,13
-39.3758,2.6592,13
-38.7644,3.4498,13
-38.1169,4.2117,13
-37.4564,4.9625,13
-36.7887,5.707,13
-36.1142,6.4453,13
-35.4366,7.1806,13
-34.7562,7.9135,13
-34.0733,8.644,13
-33.388,9.3722,13
-32.7016,10.0995,13
-31.8897,10.6478,13
-30.9835,11.0706,13
-30.0761,11.4909,13
-29.1683,11.9102,13
-28.26,12.3286,13
-27.3516,12.7468,13
-26.4432,13.1647,13
-25.5346,13.5825,13
-24.6349,14.0171,13
-23.7174,14.4133,13
-22.7947,14.7988,13
-21.8698,15.1792,13
-20.943,15.5545,13
-20.0143,15.9253,13
-19.0817,16.2864,13
-18.1466,16.6406,13
-17.2089,16.9881,13
-16.2644,17.3167,13
-15.3143,17.6281,13
-14.3557,17.9117,13
-13.3837,18.1457,13
-12.4007,18.3286,13
-11.4104,18.4653,13
-10.4137,18.5436,13
-9.4142,18.5668,13
-8.4142,18.5571,13
-7.4143,18.546,13
-6.4145,18.5319,13
-5.4166,18.4741,13
-4.4244,18.3509,13
-3.4375,18.1897,13
-2.4517,18.0221,13
-1.462,17.8807,13
-0.4661,17.7974,13
0.5327,17.7995,13
1.5256,17.9047,13
2.4997,18.1215,13
3.4503,18.4298,13
4.3642,18.8356,13
5.2488,19.3007,13
6.1102,19.8077,13
6.9486,20.3524,13
7.7636,20.9317,13
8.555,21.5428,13
9.4151,21.6719,13
10.341,21.2942,13
11.2667,20.9159,13
12.1921,20.5369,13
13.1171,20.157,13
14.0419,19.7765,13
14.9663,19.395,13
15.8902,19.0123,13
16.8137,18.6288,13
17.7362,18.2428,13
18.658,17.8551,13
19.5784,17.4642,13
20.4957,17.0659,13
21.4038,16.6476,13
22.2902,16.1848,13
23.1624,15.6957,13
24.0232,15.1868,13
24.8735,14.6606,13
25.6209,14.0097,13
26.2447,13.2281,13
26.8715,12.449,13
27.4968,11.6686,13
28.1195,10.8861,13
28.7397,10.1016,13
29.3581,9.3158,13
29.9715,8.526,13
30.5813,7.7334,13
31.1869,6.9377,13
31.7814,6.1336,13
32.3641,5.3211,13
32.9199,4.4902,13
33.3975,3.6131,13
33.7915,2.6945,13
34.1188,1.7499,13
34.3865,0.7865,13
34.6218,-0.1854,13
34.815,-1.1658,13
34.9966,-2.1483,13
35.2869,-3.1052,13
35.5947,-4.0566,13
35.9072,-5.0066,13
36.2203,-5.9563,13
36.5315,-6.9066,13
36.8321,-7.8603,13
37.1073,-8.8216,13
37.3724,-9.7858,13
37.6877,-10.7347,13
38.0599,-11.6625,13
38.4781,-12.5708,13
38.9079,-13.4737,13
39.3306,-14.38,13
39.7369,-15.2937,13
40.1213,-16.2167,13
40.4842,-17.1485,13
40.8342,-18.0853,13
41.1762,-19.025,13
41.5013,-19.9706,13
41.8022,-20.9242,13
42.0754,-21.8861,13
42.3284,-22.8536,13
42.5686,-23.8243,13
42.7886,-24.7998,13
42.983,-25.7807,13
43.1577,-26.7653,13
43.3176,-27.7524,13
43.4673,-28.7411,13
43.6119,-29.7306,13
43.7585,-30.7198,13
43.92,-31.7067,13
44.1097,-32.6884,13
44.3189,-33.6663,13
44.5387,-34.6418,13
44.7659,-35.6157,13
44.9958,-36.5889,13
44.7311,-37.5273,13
44.39,-38.4672,13
44.1162,-39.4286,13
43.8813,-40.4006,13
43.6468,-41.3727,13
43.4002,-42.3418,13
43.1446,-43.3086,13
42.8886,-44.2753,13
42.6293,-45.241,13
42.3637,-46.2051,13
42.0895,-47.1668,13
41.804,-48.1251,13
41.5043,-49.0791,13
41.1997,-50.0316,13
40.9241,-50.9926,13
40.6851,-51.9635,13
40.4288,-52.9298,13
40.0716,-53.8624,13
39.5634,-54.7212,13
38.9106,-55.4757,13
38.1507,-56.1218,13
37.3024,-56.6488,13
36.4006,-57.0792,13
35.4682,-57.4398,13
34.5235,-57.7676,13
33.6291,-58.21,13
32.7506,-58.6834,13
31.7795,-58.8943,13
30.7819,-58.9513,13
29.8282,-59.2296,13
28.9806,-59.7567,13
28.2104,-60.394,13
27.4431,-61.0314,13
26.5658,-61.5013,13
25.604,-61.7748,13
24.6394,-62.0386,13
23.6736,-62.298,13
22.7067,-62.553,13
21.7381,-62.8019,13
20.7664,-63.0378,13
19.7822,-63.2081,13
18.7833,-63.2042,13
17.7982,-63.3287,13
16.9878,-63.8897,13
16.4336,-64.7212,13
15.9323,-65.5864,13
15.4352,-66.4541,13
14.9202,-67.3111,13
14.375,-68.149,13
13.7916,-68.9608,13
13.155,-69.732,13
12.4526,-70.443,13
11.6952,-71.0936,13
10.8883,-71.6827,13
10.0482,-72.2249,13
9.1805,-72.7219,13
8.2967,-73.1895,13
7.4024,-73.6367,13
6.4991,-74.0656,13
5.5883,-74.4784,13
4.6732,-74.8817,13
3.7584,-75.2856,13
2.8766,-75.7517,13
2.3418,-76.5882,13
1.7982,-77.4244,13
1.1789,-78.2095,13
0.5551,-78.9911,13
-0.0705,-79.7713,13
-0.6967,-80.5509,13
-1.3227,-81.3308,13
-1.9434,-82.1148,13
-2.4505,-82.9753,13
-2.8947,-83.8712,13
-3.6946,-84.3764,13
-4.4195,-85.0434,13
-4.9749,-85.8748,13
-5.4396,-86.7382,13
-5.1755,-87.6176,13
-5.3352,-88.6003,13
-5.9054,-89.3983,13
-6.6371,-90.0761,13
-6.842,-91.0356,13
-6.4969,-91.9701,13
-6.1605,-92.9076,13
-6.0158,-93.8966,13
-44.9685,-0.7909,12
-44.5494,0.1079,12
-44.2068,1.0474,12
-43.8665,1.9877,12
-43.5275,2.9285,12
-43.1899,3.8697,12
-42.8657,4.8155,12
-42.4647,5.7201,12
-41.7776,6.4465,12
-41.129,7.2069,12
-40.5097,7.992,12
-39.8897,8.7766,12
-39.2664,9.5586,12
-38.6365,10.3352,12
-37.9999,11.1064,12
-37.3555,11.8711,12
-36.6942,12.6212,12
-36.007,13.3475,12
-35.2673,14.0192,12
-34.4144,14.5376,12
-33.4823,14.8952,12
-32.5179,15.1588,12
-31.5695,15.4737,12
-30.6487,15.8627,12
-29.7513,16.3036,12
-28.8607,16.7585,12
-27.9528,17.177,12
-27.0188,17.5334,12
-26.0622,17.8237,12
-25.0874,18.0454,12
-24.1073,18.2436,12
-23.1366,18.4836,12
-22.1774,18.7662,12
-21.2216,19.0602,12
-20.2673,19.3589,12
-19.3139,19.6606,12
-18.3609,19.9637,12
-17.4081,20.2673,12
-16.4552,20.5705,12
-15.5006,20.8683,12
-14.5092,20.9436,12
-13.5093,20.9524,12
-12.5111,21.0097,12
-11.5139,21.084,12
-10.5167,21.1589,12
-9.5194,21.2327,12
-8.522,21.3047,12
-7.5243,21.3727,12
-6.5263,21.4353,12
-5.5278,21.4896,12
-4.5285,21.5262,12
-3.5293,21.5024,12
-2.5386,21.3694,12
-1.5522,21.2066,12
-0.5547,21.1671,12
0.4207,21.3719,12
1.3228,21.7927,12
2.1139,22.4041,12
2.9561,22.9374,12
3.8869,23.2987,12
4.8514,23.5619,12
5.8305,23.7641,12
6.818,23.9206,12
7.8115,24.0333,12
8.8095,24.0943,12
9.8093,24.1073,12
10.8087,24.0787,12
11.802,23.9684,12
12.7805,23.7643,12
13.7461,23.5045,12
14.7032,23.2153,12
15.6467,22.8841,12
16.58,22.525,12
17.506,22.1474,12
18.4256,21.7547,12
19.3393,21.3482,12
20.2463,20.9273,12
21.1452,20.4894,12
22.0324,20.0282,12
22.9031,19.5365,12
23.758,19.018,12
24.5915,18.4656,12
25.3951,17.8706,12
26.1693,17.238,12
26.9102,16.5666,12
27.6096,15.8525,12
28.2361,15.0733,12
28.8498,14.2838,12
29.4796,13.5072,12
30.108,12.7293,12
30.7331,11.9487,12
31.3564,11.1667,12
31.9783,10.3836,12
32.599,9.5996,12
33.2182,8.8144,12
33.84,8.0312,12
34.4903,7.2717,12
35.0508,6.4459,12
35.4477,5.5297,12
35.7828,4.5876,12
36.1019,3.6399,12
36.4116,2.689,12
36.7152,1.7362,12
37.015,0.7822,12
37.3114,-0.1728,12
37.6126,-1.1262,12
37.8693,-2.0927,12
38.1316,-3.0577,12
38.4005,-4.0209,12
38.6761,-4.9821,12
38.9585,-5.9414,12
39.2529,-6.8971,12
39.5579,-7.8494,12
39.8755,-8.7976,12
40.2093,-9.7402,12
40.5631,-10.6755,12
40.9318,-11.6051,12
41.3166,-12.5281,12
41.719,-13.4435,12
42.138,-14.3515,12
42.5676,-15.2545,12
43.0011,-16.1556,12
43.4323,-17.0579,12
43.8684,-17.9578,12
44.321,-18.8495,12
44.7893,-19.733,12
45.2635,-20.6135,12
45.7277,-21.4991,12
46.1549,-22.403,12
46.5283,-23.3305,12
46.8537,-24.2758,12
47.1206,-25.2394,12
47.3653,-26.209,12
47.6103,-27.1785,12
47.8456,-28.1504,12
48.0757,-29.1236,12
48.303,-30.0974,12
48.5279,-31.0718,12
48.7494,-32.047,12
48.9686,-33.0226,12
49.1847,-33.999,12
49.3944,-34.9768,12
49.585,-35.9583,12
49.3661,-36.9048,12
48.9861,-37.8297,12
48.6146,-38.7582,12
48.2518,-39.69,12
47.8991,-40.6257,12
47.5579,-41.5657,12
47.2302,-42.5105,12
46.9215,-43.4616,12
46.6395,-44.421,12
46.3772,-45.3859,12
46.1242,-46.3534,12
45.8771,-47.3224,12
45.6371,-48.2931,12
45.3992,-49.2644,12
45.1638,-50.2363,12
44.931,-51.2089,12
44.6991,-52.1816,12
44.4678,-53.1545,12
44.2359,-54.1272,12
43.9958,-55.0979,12
43.6506,-56.0349,12
42.922,-56.6112,12
41.9767,-56.9222,12
41.0885,-57.3816,12
40.204,-57.848,12
39.3208,-58.3172,12
38.4386,-58.7879,12
37.5567,-59.2595,12
36.6752,-59.7316,12
35.7939,-60.2041,12
34.9165,-60.6837,12
33.9927,-61.0382,12
32.9994,-61.1533,12
32.0056,-61.2642,12
31.0135,-61.3898,12
30.0342,-61.5868,12
29.1924,-62.1047,12
28.4125,-62.7234,12
27.4743,-63.0606,12
26.5003,-63.2867,12
25.5161,-63.4635,12
24.5357,-63.6602,12
23.5656,-63.9026,12
22.6004,-64.164,12
21.636,-64.4286,12
20.6679,-64.6785,12
19.6761,-64.7622,12
18.7542,-65.0577,12
18.1313,-65.8362,12
17.5781,-66.6692,12
17.0321,-67.5069,12
16.4631,-68.3291,12
15.8385,-69.1094,12
15.1729,-69.8556,12
14.4818,-70.5783,12
13.7641,-71.2739,12
12.9273,-71.8198,12
12.1649,-72.4644,12
11.4927,-73.2027,12
10.654,-73.738,12
9.7577,-74.1813,12
8.8583,-74.6185,12
7.9603,-75.0585,12
7.0669,-75.5077,12
6.1839,-75.977,12
5.3193,-76.4791,12
4.5064,-77.0592,12
3.8676,-77.8253,12
3.4006,-78.7074,12
2.9492,-79.5987,12
2.3914,-80.4279,12
1.7805,-81.2194,12
1.14,-81.9873,12
0.5092,-82.763,12
-0.0398,-83.5982,12
-0.5327,-84.4679,12
-1.021,-85.3406,12
-1.5122,-86.2117,12
-2.0221,-87.0683,12
-1.5287,-87.4122,12
-0.625,-87.8404,12
0.2765,-88.273,12
1.0863,-88.8267,12
1.4287,-89.766,12
1.8797,-90.6529,12
2.7818,-91.0244,12
3.3086,-91.7071,12
-48.7909,2.9472,11
-48.5334,3.9134,11
-48.2167,4.8617,11
-47.8639,5.7973,11
-47.4847,6.7225,11
-47.0634,7.6292,11
-46.5921,8.5109,11
-46.0648,9.3602,11
-45.4789,10.1702,11
-44.8373,10.9371,11
-44.1607,11.6733,11
-43.4608,12.3875,11
-42.7479,13.0887,11
-42.0312,13.786,11
-41.3196,14.4887,11
-40.6291,15.2119,11
-39.9675,15.9618,11
-39.2983,16.7047,11
-38.5594,17.377,11
-37.7492,17.9617,11
-36.8848,18.4623,11
-35.9757,18.8772,11
-35.0414,19.2328,11
-34.0928,19.5489,11
-33.1353,19.837,11
-32.1722,20.1059,11
-31.2099,20.3776,11
-30.2756,20.734,11
-29.3391,21.0752,11
-28.3671,21.3102,11
-27.3949,21.5443,11
-26.4228,21.7788,11
-25.4509,22.0142,11
-24.4794,22.2512,11
-23.5085,22.4909,11
-22.5387,22.7348,11
-21.5713,22.9878,11
-20.6148,23.2791,11
-19.6766,23.625,11
-18.7328,23.9543,11
-17.7623,24.1925,11
-16.7756,24.353,11
-15.778,24.4165,11
-14.7781,24.4112,11
-13.7782,24.4126,11
-12.7784,24.4305,11
-11.7785,24.4444,11
-10.7785,24.4558,11
-9.7786,24.4663,11
-8.7786,24.4762,11
-7.7787,24.4852,11
-6.7787,24.494,11
-5.7788,24.5024,11
-4.7788,24.5105,11
-3.7788,24.5184,11
-2.7788,24.5262,11
-1.7805,24.5625,11
-0.7895,24.6964,11
0.2005,24.8375,11
1.1784,25.0453,11
2.1525,25.2718,11
3.1285,25.4896,11
4.1078,25.6916,11
5.0908,25.875,11
6.0772,26.0384,11
7.0675,26.1773,11
8.0625,26.2764,11
9.06,26.3412,11
10.0594,26.369,11
11.0591,26.3463,11
12.0569,26.283,11
13.0523,26.1896,11
14.0446,26.0668,11
15.0331,25.9153,11
16.0167,25.7353,11
16.9952,25.529,11
17.9681,25.2977,11
18.9348,25.042,11
19.8945,24.7612,11
20.8318,24.4149,11
21.7202,23.957,11
22.571,23.4321,11
23.3744,22.8374,11
24.1432,22.1981,11
24.9004,21.5449,11
25.6697,20.9061,11
26.4835,20.326,11
27.3241,19.7848,11
28.1017,19.1576,11
28.7972,18.4394,11
29.4585,17.6894,11
30.105,16.9265,11
30.7448,16.158,11
31.3814,15.3868,11
32.017,14.6148,11
32.6533,13.8433,11
33.2891,13.0715,11
33.9224,12.2976,11
34.5533,11.5217,11
35.1811,10.7433,11
35.8047,9.9616,11
36.4206,9.1738,11
36.9343,8.3262,11
37.1087,7.3417,11
37.3069,6.3616,11
37.532,5.3873,11
37.7904,4.4214,11
38.0735,3.4623,11
38.3692,2.507,11
38.6728,1.5542,11
38.9806,0.6028,11
39.2922,-0.3474,11
39.6096,-1.2957,11
39.9325,-2.2421,11
40.2594,-3.1872,11
40.5894,-4.1312,11
40.9219,-5.0743,11
41.2563,-6.0167,11
41.5775,-6.9636,11
41.8781,-7.917,11
42.3055,-8.8192,11
42.8788,-9.6376,11
43.5005,-10.4208,11
44.1222,-11.2041,11
44.729,-11.9988,11
45.311,-12.8119,11
45.8599,-13.6477,11
46.3841,-14.4992,11
46.8956,-15.3585,11
47.3901,-16.2276,11
47.8639,-17.1082,11
48.3144,-18.0009,11
48.742,-18.9048,11
49.1489,-19.8182,11
49.5384,-20.7392,11
49.9125,-21.6665,11
50.263,-22.6031,11
50.5865,-23.5493,11
50.896,-24.5001,11
51.1959,-25.4541,11
51.4871,-26.4107,11
51.769,-27.3702,11
52.0462,-28.331,11
52.3189,-29.2931,11
52.586,-30.2568,11
52.8491,-31.2215,11
53.1087,-32.1872,11
53.3652,-33.1538,11
53.6314,-34.1176,11
53.9124,-35.0772,11
53.9238,-36.0626,11
53.4814,-36.9555,11
53.2361,-37.9236,11
52.9375,-38.878,11
52.627,-39.8286,11
52.3032,-40.7746,11
51.956,-41.7124,11
51.6002,-42.647,11
51.2423,-43.5807,11
50.8851,-44.5148,11
50.5303,-45.4497,11
50.1802,-46.3864,11
49.8386,-47.3262,11
49.5152,-48.2724,11
49.2398,-49.2336,11
49.0278,-50.2107,11
48.8197,-51.1887,11
48.5467,-52.1502,11
48.2169,-53.0941,11
47.8557,-54.0266,11
47.4816,-54.9539,11
47.0982,-55.8775,11
46.7065,-56.7976,11
46.3052,-57.7135,11
45.8908,-58.6236,11
45.4525,-59.5222,11
44.9248,-60.3668,11
44.1483,-60.9869,11
43.2338,-61.3897,11
42.2761,-61.6761,11
41.3077,-61.9253,11
40.3362,-62.1624,11
39.3631,-62.3929,11
38.3889,-62.6186,11
37.414,-62.8411,11
36.4387,-63.0621,11
35.4695,-63.2743,11
34.4797,-63.4163,11
33.4896,-63.5565,11
32.4992,-63.6951,11
31.5088,-63.8332,11
30.5184,-63.9712,11
29.5419,-64.1651,11
28.5984,-64.4966,11
27.6471,-64.8046,11
26.6865,-65.0823,11
25.7119,-65.3059,11
24.7321,-65.5055,11
23.7501,-65.6944,11
22.7669,-65.8771,11
21.7831,-66.0564,11
20.8053,-66.2629,11
20.0612,-66.8224,11
19.3879,-67.5615,11
18.7066,-68.2935,11
18.0234,-69.0238,11
17.3388,-69.7527,11
16.6524,-70.4799,11
15.9628,-71.204,11
15.2457,-71.8979,11
14.391,-72.4146,11
13.5722,-72.9885,11
12.7866,-73.607,11
12.0527,-74.2848,11
11.4072,-75.0483,11
10.7179,-75.771,11
9.912,-76.3592,11
9.003,-76.7727,11
8.0734,-77.1412,11
7.1834,-77.5945,11
6.3713,-78.1742,11
5.6717,-78.8852,11
5.0747,-79.6859,11
4.5466,-80.5346,11
4.0653,-81.4109,11
3.6172,-82.3048,11
3.1522,-83.1875,11
2.5718,-83.999,11
2.0557,-84.8555,11
1.4405,-85.6378,11
1.3276,-86.4672,11
2.1149,-87.083,11
2.7775,-87.8118,11
3.1447,-88.7274,11
4.038,-89.1431,11
4.9914,-89.4442,11
5.9506,-89.7269,11
6.9121,-90.0018,11
7.8746,-90.2729,11
8.8371,-90.5442,11
9.7965,-90.8262,11
10.7046,-91.2355,11
11.5421,-91.6293,11
12.2642,-91.2551,11
13.2074,-91.5787,11
13.3803,-92.451,11
13.8659,-93.324,11
14.1111,-94.2811,11
13.8859,-95.2502,11
13.5262,-96.1829,11
13.6424,-96.7557,11
14.1258,-95.8822,11
14.6207,-95.0142,11
15.2772,-94.2695,11
16.1526,-93.8088,11
17.1411,-93.6833,11
18.133,-93.7988,11
19.1071,-94.0204,11
20.0217,-94.4155,11
20.8906,-94.9086,11
21.842,-95.2063,11
22.8271,-95.3773,11
-56.8371,10.0277,9
-56.4152,10.9342,9
-55.9333,11.8101,9
-55.4105,12.6625,9
-54.8773,13.5085,9
-54.337,14.3499,9
-53.7891,15.1864,9
-53.2315,16.0166,9
-52.6587,16.8361,9
-52.0535,17.6321,9
-51.3981,18.3872,9
-50.7291,19.1303,9
-50.104,19.9104,9
-49.5434,20.7375,9
-49.0544,21.6095,9
-48.5901,22.4952,9
-48.129,23.3826,9
-47.6619,24.2668,9
-47.1834,25.1447,9
-46.6878,26.0133,9
-46.1546,26.8593,9
-45.5784,27.676,9
-44.9371,28.4414,9
-44.2057,29.1197,9
-43.3972,29.7055,9
-42.5327,30.2061,9
-41.6295,30.634,9
-40.7026,31.0087,9
-39.7664,31.3602,9
-38.8511,31.7609,9
-38.0335,32.3323,9
-37.2757,32.9842,9
-36.3837,33.4246,9
-35.3917,33.5182,9
-34.3918,33.5192,9
-33.3921,33.4968,9
-32.3928,33.4591,9
-31.3938,33.4142,9
-30.395,33.3655,9
-29.3966,33.3103,9
-28.3982,33.2534,9
-27.4,33.1939,9
-26.4018,33.1324,9
-25.4038,33.0703,9
-24.4057,33.008,9
-23.4074,32.9499,9
-22.4079,32.9206,9
-21.408,32.9154,9
-20.4083,32.9387,9
-19.4105,33.0034,9
-18.4118,33.0501,9
-17.4118,33.0558,9
-16.4118,33.0536,9
-15.4118,33.0487,9
-14.4119,33.0423,9
-13.4119,33.0349,9
-12.4119,33.0267,9
-11.412,33.0177,9
-10.412,33.0086,9
-9.412,33.0002,9
-8.4121,32.9926,9
-7.4121,32.9844,9
-6.4122,32.9739,9
-5.4123,32.957,9
-4.4141,32.9056,9
-3.429,32.7368,9
-2.4337,32.6649,9
-1.4342,32.6967,9
-0.4351,32.7384,9
0.5639,32.7839,9
1.5627,32.8322,9
2.5615,32.8817,9
3.5602,32.9321,9
4.5589,32.9832,9
5.5576,33.0347,9
6.5563,33.0863,9
7.5549,33.1376,9
8.5536,33.1887,9
9.5523,33.2406,9
10.5508,33.2952,9
11.5492,33.3514,9
12.5476,33.4088,9
13.5459,33.4664,9
14.5443,33.523,9
15.543,33.5731,9
16.5427,33.5981,9
17.5426,33.5952,9
18.507,33.3747,9
19.3262,32.8026,9
20.147,32.2315,9
20.9675,31.6597,9
21.7877,31.0878,9
22.6079,30.5156,9
23.4279,29.9433,9
24.2478,29.3707,9
25.0673,28.7977,9
25.8857,28.223,9
26.6004,27.5395,9
27.3566,26.8852,9
28.1132,26.2313,9
28.8698,25.5774,9
29.6261,24.9233,9
30.3816,24.2681,9
31.12,23.5939,9
31.8921,22.9598,9
32.6854,22.3512,9
33.4492,21.706,9
34.168,21.0114,9
34.8134,20.2484,9
35.4124,19.4477,9
35.9925,18.6332,9
36.562,17.8112,9
37.1258,16.9853,9
37.6891,16.159,9
38.2656,15.3421,9
38.9001,14.5694,9
39.5619,13.8198,9
40.1604,13.0299,9
40.3999,12.0597,9
40.6001,11.0799,9
40.8075,10.1017,9
41.0167,9.1238,9
41.2052,8.1418,9
41.3868,7.1584,9
41.571,6.1755,9
41.7603,5.1936,9
41.9565,4.2131,9
42.1634,3.2347,9
42.3891,2.2606,9
42.6511,1.2957,9
42.9545,0.343,9
43.3084,-0.5922,9
43.6811,-1.5201,9
44.0391,-2.4538,9
44.3688,-3.3978,9
44.669,-4.3517,9
44.9703,-5.3052,9
45.3256,-6.2396,9
45.7514,-7.144,9
46.2495,-8.0108,9
46.8184,-8.8325,9
47.4528,-9.6054,9
48.0925,-10.374,9
48.7275,-11.1464,9
49.3718,-11.9112,9
50.0244,-12.6689,9
50.6854,-13.4193,9
51.3557,-14.1614,9
52.0374,-14.8929,9
52.7345,-15.6098,9
53.4722,-16.2841,9
54.2832,-16.8674,9
55.1315,-17.3969,9
55.9075,-18.0226,9
56.5225,-18.8067,9
56.9216,-19.7188,9
57.1719,-20.687,9
57.3745,-21.6661,9
57.5588,-22.6489,9
57.7291,-23.6343,9
57.8839,-24.6222,9
58.035,-25.6107,9
58.1764,-26.6007,9
58.315,-27.591,9
58.4491,-28.582,9
58.5805,-29.5733,9
58.7106,-30.5648,9
58.8403,-31.5564,9
58.9742,-32.5474,9
59.133,-33.5344,9
59.348,-34.511,9
59.5795,-35.4838,9
59.8032,-36.4542,9
59.5701,-37.4239,9
59.3626,-38.4022,9
59.1517,-39.3797,9
58.9368,-40.3563,9
58.7173,-41.3319,9
58.4914,-42.3061,9
58.2555,-43.2778,9
58.0053,-44.246,9
57.7313,-45.2077,9
57.433,-46.1621,9
57.113,-47.1096,9
56.7816,-48.053,9
56.4536,-48.9977,9
56.1624,-49.9541,9
55.9544,-50.9315,9
55.8488,-51.9257,9
55.6971,-52.913,9
55.41,-53.8702,9
55.0349,-54.7969,9
54.6187,-55.7061,9
54.1835,-56.6064,9
53.7397,-57.5025,9
53.2942,-58.3978,9
52.8515,-59.2944,9
52.4094,-60.1914,9
51.9643,-61.0869,9
51.5165,-61.981,9
51.0661,-62.8738,9
50.6127,-63.7651,9
50.1556,-64.6545,9
49.6924,-65.5408,9
49.2161,-66.42,9
48.6247,-67.2142,9
47.6929,-67.4135,9
46.73,-67.1589,9
45.7428,-67.0002,9
44.7492,-66.8896,9
43.7588,-66.9599,9
42.8398,-67.3455,9
41.8533,-67.4689,9
40.8562,-67.3984,9
39.8616,-67.295,9
38.8654,-67.2073,9
37.8702,-67.1101,9
36.8759,-67.0035,9
35.8793,-66.924,9
34.8807,-66.9543,9
33.8948,-67.1183,9
32.9111,-67.2982,9
31.9286,-67.4844,9
30.9506,-67.6923,9
30.3353,-68.2848,9
29.347,-68.4336,9
28.3534,-68.5468,9
27.3592,-68.6545,9
26.3697,-68.7891,9
25.3986,-69.013,9
24.4481,-69.3168,9
23.532,-69.7172,9
22.6384,-70.1657,9
21.7709,-70.6626,9
20.9305,-71.2045,9
20.1002,-71.7618,9
19.2768,-72.3292,9
18.4946,-72.9463,9
17.6296,-73.4463,9
16.79,-73.989,9
15.9703,-74.5619,9
15.1581,-75.1452,9
14.3547,-75.7405,9
13.5636,-76.3522,9
12.793,-76.9894,9
12.058,-77.6673,9
11.3504,-78.3738,9
10.6667,-79.1034,9
10.0175,-79.8637,9
9.5759,-80.7531,9
8.895,-81.459,9
8.1587,-82.1357,9
7.4462,-82.837,9
6.824,-83.6154,9
6.9947,-84.5809,9
7.0825,-85.558,9
7.5682,-86.3406,9
8.418,-86.8674,9
9.2855,-87.3646,9
10.1647,-87.841,9
11.0593,-88.2876,9
11.6258,-87.827,9
12.5589,-87.5938,9
12.7565,-88.1722,9
13.5833,-88.6599,9
14.1996,-89.4474,9
14.8046,-90.2437,9
15.4477,-90.9752,9
15.6591,-90.3968,9
15.8472,-89.4149,9
16.1753,-88.4743,9
17.0047,-88.6493,9
17.7396,-89.322,9
18.0316,-88.6217,9
17.8413,-87.6405,9
-61.1074,13.2111,8
-60.5766,14.0585,8
-60.0449,14.9055,8
-59.5179,15.7554,8
-58.9994,16.6104,8
-58.4896,17.4707,8
-57.9909,18.3374,8
-57.5045,19.2111,8
-57.0214,20.0867,8
-56.5298,20.9576,8
-56.0247,21.8206,8
-55.5002,22.6719,8
-54.9623,23.5149,8
-54.4196,24.3548,8
-53.8776,25.1952,8
-53.3429,26.0403,8
-52.825,26.8957,8
-52.3569,27.7787,8
-52.0572,28.7283,8
-52.035,29.7257,8
-51.9464,30.717,8
-51.6631,31.6749,8
-51.2982,32.6054,8
-50.8166,33.4797,8
-50.1654,34.2354,8
-49.3797,34.8471,8
-48.4707,35.2562,8
-47.5052,35.5154,8
-46.5298,35.7358,8
-45.5602,35.9796,8
-44.6117,36.294,8
-43.6977,36.6976,8
-42.8294,37.1924,8
-41.9932,37.7408,8
-41.1246,38.2339,8
-40.1936,38.5946,8
-39.2268,38.846,8
-38.239,38.9974,8
-37.2405,39.0464,8
-36.2407,39.036,8
-35.2414,39.0005,8
-34.2418,38.9712,8
-33.2419,38.9587,8
-32.242,38.9488,8
-31.2422,38.9287,8
-30.2426,38.9003,8
-29.2432,38.866,8
-28.244,38.8265,8
-27.245,38.7818,8
-26.2463,38.7311,8
-25.248,38.6721,8
-24.2512,38.5941,8
-23.2601,38.4621,8
-22.2763,38.2829,8
-21.2856,38.1482,8
-20.2894,38.0624,8
-19.2912,38.0029,8
-18.2921,37.9609,8
-17.2927,37.9265,8
-16.2931,37.8993,8
-15.2931,37.8931,8
-14.2931,37.8979,8
-13.2932,37.9052,8
-12.2932,37.9114,8
-11.2932,37.9145,8
-10.2932,37.9136,8
-9.2932,37.9036,8
-8.2934,37.8845,8
-7.2939,37.8548,8
-6.2949,37.8115,8
-5.297,37.7459,8
-4.3016,37.6513,8
-3.3087,37.5336,8
-2.3186,37.3934,8
-1.3315,37.2335,8
-0.347,37.0583,8
0.6361,36.8751,8
1.6198,36.6955,8
2.6074,36.5388,8
3.6025,36.4464,8
4.6022,36.4341,8
5.601,36.4782,8
6.5973,36.5635,8
7.5943,36.6403,8
8.5924,36.7009,8
9.5906,36.7614,8
10.5901,36.793,8
11.5899,36.8114,8
12.5898,36.8248,8
13.5897,36.8335,8
14.5897,36.8367,8
15.5897,36.8317,8
16.5895,36.8118,8
17.5861,36.7353,8
18.5723,36.5747,8
19.5112,36.2341,8
20.3793,35.7397,8
21.1913,35.1563,8
21.9947,34.5608,8
22.8122,33.9849,8
23.6388,33.4221,8
24.4665,32.861,8
25.2935,32.2988,8
26.118,31.733,8
26.9373,31.1595,8
27.7286,30.5491,8
28.1841,29.6657,8
28.8994,28.971,8
29.6584,28.3199,8
30.4227,27.675,8
31.1872,27.0304,8
31.9426,26.3753,8
32.6736,25.693,8
33.4109,25.0175,8
34.1848,24.3843,8
34.9659,23.7598,8
35.7457,23.1338,8
36.5212,22.5025,8
37.2899,21.8629,8
38.0471,21.2098,8
38.7815,20.5315,8
39.4707,19.8076,8
40.1167,19.0446,8
40.7043,18.2359,8
41.2373,17.39,8
41.7412,16.5263,8
42.2175,15.6472,8
42.643,14.7425,8
43.017,13.8152,8
43.3679,12.8788,8
43.6961,11.9344,8
43.8958,10.9584,8
43.5633,10.0325,8
43.3936,9.0535,8
43.3913,8.0538,8
43.4458,7.0555,8
43.5487,6.0609,8
43.6897,5.071,8
43.8882,4.0911,8
44.1318,3.1213,8
44.4021,2.1586,8
44.6953,1.2025,8
45.0146,0.255,8
45.3631,-0.6823,8
45.7349,-1.6106,8
46.1281,-2.53,8
46.5303,-3.4455,8
46.9463,-4.3548,8
47.4265,-5.2314,8
47.969,-6.0711,8
48.5512,-6.884,8
49.1716,-7.6681,8
49.8176,-8.4314,8
50.4835,-9.1774,8
51.1651,-9.909,8
51.8592,-10.6289,8
52.5631,-11.3391,8
53.2795,-12.0365,8
54.0328,-12.6937,8
54.8395,-13.2845,8
55.6789,-13.828,8
56.527,-14.3578,8
57.3576,-14.9139,8
58.1422,-15.5323,8
58.8531,-16.2331,8
59.4731,-17.0152,8
60.0035,-17.8617,8
60.4439,-18.7592,8
60.7697,-19.704,8
60.9661,-20.6837,8
61.0544,-21.6793,8
61.0847,-22.6788,8
61.112,-23.6784,8
61.177,-24.6759,8
61.2985,-25.6679,8
61.469,-26.653,8
61.6785,-27.6308,8
61.909,-28.6038,8
62.1548,-29.5731,8
62.4075,-30.5407,8
62.6619,-31.5078,8
62.9115,-32.4761,8
63.1473,-33.4479,8
63.3552,-34.4258,8
63.5112,-35.4132,8
63.5571,-36.4105,8
63.456,-37.4044,8
63.2388,-38.3795,8
62.9208,-39.3271,8
62.556,-40.2581,8
62.2193,-41.1996,8
61.8714,-42.1369,8
61.488,-43.0605,8
61.16,-44.0049,8
60.8951,-44.9689,8
60.6784,-45.9451,8
60.4813,-46.9254,8
60.2516,-47.8983,8
59.9288,-48.8444,8
59.6488,-49.8032,8
59.5152,-50.7938,8
59.4106,-51.7883,8
59.2802,-52.7796,8
59.1054,-53.7639,8
58.8724,-54.7359,8
58.5705,-55.6884,8
58.2038,-56.6185,8
57.8085,-57.5369,8
57.3982,-58.4488,8
56.9778,-59.3562,8
56.5472,-60.2587,8
56.1121,-61.1591,8
55.6727,-62.0574,8
55.2293,-62.9537,8
54.7825,-63.8484,8
54.3345,-64.7424,8
53.9195,-65.6517,8
53.5381,-66.5745,8
52.9286,-67.361,8
52.1721,-68.0138,8
51.3445,-68.5739,8
50.4589,-69.0358,8
49.5055,-69.3289,8
48.5117,-69.3677,8
47.5438,-69.1243,8
46.6177,-68.7488,8
45.6862,-68.3939,8
44.6988,-68.3248,8
43.748,-68.6317,8
42.8116,-68.9825,8
41.8642,-69.3004,8
40.8735,-69.2909,8
39.8782,-69.1946,8
38.8826,-69.1007,8
37.8868,-69.0088,8
36.8904,-68.9244,8
35.8985,-68.9471,8
34.9157,-69.1052,8
33.9181,-69.1743,8
32.9233,-69.2746,8
31.9384,-69.4458,8
30.9632,-69.6666,8
30.3638,-70.3953,8
29.376,-70.5196,8
28.3854,-70.6516,8
27.4214,-70.9173,8
26.4653,-71.2102,8
25.5129,-71.5151,8
24.5633,-71.8285,8
23.6265,-72.1767,8
22.7745,-72.6954,8
21.8638,-73.1036,8
20.9332,-73.4696,8
20.0008,-73.8311,8
19.068,-74.1915,8
18.1786,-74.639,8
17.3444,-75.1905,8
16.5209,-75.7576,8
15.7208,-76.3569,8
15.5598,-76.9423,8
16.5468,-76.9829,8
16.5554,-77.8091,8
16.4352,-78.535,8
17.2231,-77.923,8
18.1126,-77.4926,8
19.1073,-77.4144,8
20.1067,-77.4461,8
21.1057,-77.4867,8
-64.9537,17.4719,7
-64.5416,18.383,7
-64.1274,19.2932,7
-63.7076,20.2008,7
-63.2793,21.1044,7
-62.8395,22.0025,7
-62.3808,22.8911,7
-61.9016,23.7687,7
-61.4076,24.6382,7
-60.9095,25.5053,7
-60.4315,26.3834,7
-60.1215,27.3304,7
-59.9998,28.3226,7
-59.9195,29.3193,7
-59.8526,30.3171,7
-59.784,31.3147,7
-59.707,32.3117,7
-59.6103,33.307,7
-59.4214,34.2857,7
-58.9511,35.1633,7
-58.449,36.025,7
-58.0839,36.9558,7
-57.6997,37.8786,7
-57.245,38.7681,7
-56.682,39.5912,7
-55.9704,40.2855,7
-55.1031,40.7681,7
-54.1258,40.9393,7
-53.1309,40.8522,7
-52.1402,40.7163,7
-51.1421,40.7021,7
-50.1561,40.8585,7
-49.1972,41.1406,7
-48.2563,41.4791,7
-47.328,41.8509,7
-46.4092,42.2456,7
-45.4952,42.6513,7
-44.583,43.061,7
-43.6621,43.45,7
-42.6787,43.553,7
-41.6801,43.5404,7
-40.6811,43.5851,7
-39.6822,43.6316,7
-38.6833,43.6785,7
-37.6844,43.7258,7
-36.6855,43.7735,7
-35.6867,43.8212,7
-34.6878,43.8692,7
-33.689,43.9174,7
-32.6901,43.9656,7
-31.6913,44.0141,7
-30.6925,44.0627,7
-29.6937,44.112,7
-28.7002,44.2178,7
-27.7087,44.1212,7
-26.7232,43.9518,7
-25.737,43.7862,7
-24.7494,43.6292,7
-23.7601,43.4838,7
-22.7687,43.353,7
-21.775,43.2411,7
-20.7787,43.1548,7
-19.7812,43.0848,7
-18.7831,43.0228,7
-17.7847,42.9657,7
-16.7861,42.9126,7
-15.7873,42.864,7
-14.7884,42.8174,7
-13.7894,42.7728,7
-12.7903,42.7312,7
-11.7911,42.6911,7
-10.7918,42.6529,7
-9.7925,42.6169,7
-8.7927,42.5976,7
-7.7928,42.612,7
-6.793,42.6086,7
-5.7947,42.5526,7
-4.8001,42.4497,7
-3.8082,42.3225,7
-2.8186,42.1789,7
-1.8308,42.0232,7
-0.8443,41.8593,7
0.1412,41.6895,7
1.1257,41.5145,7
2.1088,41.3314,7
3.09,41.1383,7
4.0694,40.9367,7
5.0473,40.7275,7
6.0236,40.5111,7
6.9954,40.2761,7
7.9543,39.9982,7
8.9525,39.9714,7
9.9524,39.9857,7
10.9522,40.0037,7
11.9521,40.0206,7
12.952,40.0343,7
13.9519,40.0429,7
14.9519,40.0405,7
15.9517,40.0183,7
16.9486,39.9439,7
17.941,39.8211,7
18.9242,39.6425,7
19.8783,39.3456,7
20.7953,38.9481,7
21.6689,38.4629,7
22.5064,37.9168,7
23.3217,37.3378,7
24.1254,36.7428,7
24.9271,36.1451,7
25.736,35.5573,7
26.5625,34.9943,7
27.4013,34.4501,7
28.2407,33.9065,7
29.0547,33.3264,7
29.7204,32.5881,7
30.0928,31.6609,7
30.6864,30.8633,7
31.4427,30.2096,7
32.223,29.5842,7
32.9884,28.9408,7
33.7268,28.2665,7
34.453,27.5789,7
35.1896,26.9027,7
35.9422,26.2443,7
36.7024,25.5947,7
37.4646,24.9473,7
38.2277,24.3009,7
38.9913,23.6553,7
39.7556,23.0104,7
40.5204,22.3662,7
41.2859,21.7228,7
42.0525,21.0806,7
42.8647,20.5193,7
43.453,19.7117,7
43.9725,18.858,7
44.4098,17.9587,7
44.8381,17.0551,7
45.2627,16.1497,7
45.6838,15.2427,7
46.1005,14.3337,7
46.5082,13.4205,7
46.8931,12.4976,7
47.194,11.5502,7
47.0457,10.5743,7
46.6079,9.6758,7
46.2831,8.7332,7
46.176,7.7407,7
46.1479,6.7412,7
46.1563,5.7414,7
46.1964,4.7423,7
46.2851,3.7466,7
46.5479,2.7866,7
47.0566,1.9272,7
47.525,1.0441,7
47.9687,0.1479,7
48.4143,-0.7474,7
48.8639,-1.6406,7
49.321,-2.53,7
49.7891,-3.4137,7
50.2744,-4.2879,7
50.7959,-5.1409,7
51.3849,-5.9487,7
52.0309,-6.7115,7
52.7371,-7.4194,7
53.4554,-8.1151,7
54.1867,-8.7971,7
54.9291,-9.467,7
55.678,-10.1297,7
56.4319,-10.7867,7
57.1907,-11.438,7
57.9551,-12.0827,7
58.728,-12.7172,7
59.5153,-13.3337,7
60.3451,-13.8901,7
61.2262,-14.3617,7
62.1389,-14.7702,7
63.0247,-15.2278,7
63.4642,-16.1054,7
64.1226,-16.8397,7
64.7538,-17.6053,7
64.8806,-18.5909,7
64.9216,-19.59,7
64.9624,-20.5892,7
65.0105,-21.588,7
65.0749,-22.586,7
65.1577,-23.5825,7
65.2617,-24.5769,7
65.3933,-25.568,7
65.5839,-26.5494,7
65.8347,-27.5174,7
66.1244,-28.4744,7
66.432,-29.426,7
66.7378,-30.3781,7
67.0213,-31.337,7
67.2656,-32.3067,7
67.4569,-33.2879,7
67.5849,-34.2791,7
67.6448,-35.2764,7
67.6355,-36.2754,7
67.5583,-37.2724,7
67.4009,-38.2598,7
67.2066,-39.2403,7
66.9804,-40.2142,7
66.716,-41.1786,7
66.427,-42.1358,7
66.1198,-43.0874,7
65.7949,-44.0332,7
65.4518,-44.9725,7
65.0986,-45.908,7
64.7435,-46.8428,7
64.4123,-47.7863,7
64.0416,-48.715,7
63.6958,-49.653,7
63.403,-50.6091,7
63.1325,-51.5718,7
62.8718,-52.5372,7
62.6193,-53.5048,7
62.3802,-54.4757,7
62.2031,-55.4591,7
62.0715,-56.4495,7
61.7643,-57.3997,7
61.3498,-58.3097,7
60.9074,-59.2064,7
60.4645,-60.103,7
-68.3705,20.6509,6
-67.8339,21.4947,6
-67.3274,22.3566,6
-66.8867,23.2534,6
-66.5414,24.1908,6
-66.3171,25.164,6
-66.2356,26.1593,6
-66.2817,27.1572,6
-66.4218,28.1468,6
-66.6312,29.1243,6
-66.8945,30.0889,6
-67.196,31.0424,6
-67.3447,32.0233,6
-67.8194,32.8891,6
-68.4148,33.6925,6
-69.0187,34.4895,6
-69.627,35.2833,6
-70.2387,36.0743,6
-70.8544,36.8623,6
-71.4813,37.6413,6
-72.0911,38.3617,6
-72.131,39.3556,6
-71.7134,40.2398,6
-70.9757,40.9143,6
-70.2049,41.5513,6
-69.4193,42.17,6
-68.6251,42.7776,6
-67.825,43.3775,6
-67.0205,43.9715,6
-66.2151,44.5642,6
-65.4268,45.1793,6
-64.6545,45.8145,6
-63.8597,46.4204,6
-62.985,46.9005,6
-62.0153,47.1154,6
-61.032,46.9972,6
-60.1105,46.6095,6
-59.1515,46.3396,6
-58.1562,46.2892,6
-57.1589,46.3608,6
-56.1643,46.4636,6
-55.171,46.5795,6
-54.1787,46.7034,6
-53.1872,46.8336,6
-52.1964,46.9683,6
-51.2056,47.1042,6
-50.2148,47.2391,6
-49.2223,47.3607,6
-48.2241,47.4204,6
-47.2252,47.465,6
-46.261,47.6681,6
-45.2611,47.6561,6
-44.2612,47.6405,6
-43.2613,47.6278,6
-42.2614,47.6212,6
-41.2614,47.6251,6
-40.2616,47.6431,6
-39.2621,47.6749,6
-38.2633,47.7236,6
-37.265,47.7822,6
-36.2667,47.8398,6
-35.268,47.8921,6
-34.2692,47.9401,6
-33.2703,47.9876,6
-32.2718,48.0418,6
-31.274,48.1071,6
-30.277,48.1845,6
-29.2817,48.2821,6
-28.2897,48.4076,6
-27.2994,48.5469,6
-26.3082,48.6787,6
-25.3111,48.7477,6
-24.3144,48.6875,6
-23.3329,48.4977,6
-22.3456,48.3427,6
-21.3476,48.2802,6
-20.3486,48.2356,6
-19.3494,48.1955,6
-18.3502,48.1557,6
-17.351,48.1141,6
-16.3521,48.0692,6
-15.3533,48.0187,6
-14.3552,47.9581,6
-13.358,47.8835,6
-12.3623,47.7911,6
-11.3679,47.6851,6
-10.3749,47.5678,6
-9.3831,47.4396,6
-8.3928,47.301,6
-7.4043,47.1498,6
-6.4185,46.9821,6
-5.4411,46.7718,6
-4.4677,46.5428,6
-3.4886,46.3393,6
-2.5087,46.1401,6
-1.5286,45.9413,6
-0.5486,45.7423,6
0.4313,45.5427,6
1.4109,45.3421,6
2.3904,45.1404,6
3.3696,44.9374,6
4.348,44.7311,6
5.3255,44.5201,6
6.3001,44.2963,6
7.2607,44.0191,6
8.2046,43.6892,6
9.1592,43.3932,6
10.1384,43.1937,6
11.1334,43.1048,6
12.1329,43.1206,6
13.131,43.1809,6
14.1297,43.2314,6
15.1293,43.2347,6
16.1268,43.1688,6
17.1204,43.0568,6
18.1122,42.9298,6
19.0962,42.7535,6
20.0621,42.4964,6
20.9993,42.1484,6
21.9138,41.745,6
22.794,41.2715,6
23.6462,40.7486,6
24.4812,40.1983,6
25.3015,39.6264,6
26.1142,39.0438,6
26.9208,38.4527,6
27.7226,37.8551,6
28.5219,37.2542,6
29.3277,36.6623,6
30.1875,36.1523,6
30.9884,35.5615,6
31.5777,34.7611,6
31.9673,33.8406,6
32.4261,32.9551,6
33.0947,32.2173,6
33.8911,31.6131,6
34.6426,30.9539,6
35.3705,30.2683,6
36.0994,29.5837,6
36.8357,28.907,6
37.5821,28.2416,6
38.3339,27.5822,6
39.0884,26.9259,6
39.8457,26.2728,6
40.6066,25.6239,6
41.3734,24.9821,6
42.1605,24.3658,6
43.1011,24.0563,6
43.8369,23.3982,6
44.4338,22.596,6
45.0086,21.7778,6
45.5725,20.952,6
46.1324,20.1234,6
46.687,19.2913,6
47.2277,18.4501,6
47.7488,17.5966,6
48.2446,16.7283,6
48.7161,15.8465,6
49.1631,14.952,6
49.5861,14.046,6
49.9822,13.1278,6
50.3616,12.2026,6
50.4444,11.2349,6
50.0683,10.3095,6
49.6673,9.3934,6
49.3041,8.462,6
49.0495,7.4963,6
48.9094,6.5063,6
48.9302,5.5087,6
49.1249,4.5286,6
49.4976,3.6013,6
49.9253,2.6975,6
50.373,1.8033,6
50.8336,0.9157,6
51.2991,0.0307,6
51.7696,-0.8517,6
52.2455,-1.7312,6
52.7241,-2.6092,6
53.206,-3.4855,6
53.8024,-4.244,6
54.7114,-4.6608,6
55.619,-5.0807,6
56.5246,-5.5047,6
57.4289,-5.9316,6
58.3319,-6.3613,6
59.232,-6.7969,6
60.1313,-7.2342,6
61.0259,-7.6812,6
61.9185,-8.1319,6
62.8057,-8.5932,6
63.6856,-9.0683,6
64.5572,-9.5583,6
65.4084,-10.0831,6
66.1527,-10.7431,6
66.7035,-11.5731,6
67.0808,-12.4971,6
67.3625,-13.4566,6
67.7264,-14.3848,6
68.3065,-15.1949,6
69.057,-15.854,6
69.8263,-16.4914,6
70.5163,-17.2148,6
71.1797,-17.963,6
71.8215,-18.7298,6
72.425,-19.5267,6
72.8669,-20.4154,6
72.92,-21.4072,6
72.8362,-22.4034,6
72.7149,-23.396,6
72.5876,-24.3879,6
72.4569,-25.3793,6
72.3244,-26.3705,6
72.1909,-27.3615,6
72.0558,-28.3524,6
71.9198,-29.3431,6
71.783,-30.3337,6
71.6447,-31.3241,6
71.505,-32.3142,6
71.3629,-33.3041,6
71.2069,-34.2917,6
70.9849,-35.2665,6
70.7356,-36.2349,6
70.4796,-37.2016,6
70.2222,-38.1679,6
69.9641,-39.134,6
69.7056,-40.1,6
69.447,-41.066,6
69.1884,-42.032,6
68.9303,-42.9981,6
-74.6167,60.6218,4
-73.6231,60.7348,4
-72.6295,60.8476,4
-71.6359,60.9606,4
-70.6424,61.0745,4
-69.6491,61.1906,4
-68.6674,61.3716,4
-67.7473,61.0066,4
-66.8469,60.5715,4
-65.9399,60.1504,4
-65.0258,59.745,4
-64.1044,59.3565,4
-63.1753,58.987,4
-62.2378,58.6393,4
-61.2907,58.3184,4
-60.3304,58.0397,4
-59.361,57.7941,4
-58.3856,57.574,4
-57.4058,57.3745,4
-56.4228,57.191,4
-55.4379,57.0181,4
-54.4523,56.8485,4
-53.4703,56.6605,4
-52.5011,56.4151,4
-51.5435,56.1272,4
-50.5851,55.8419,4
-49.5999,55.6777,4
-48.6011,55.6336,4
-47.6021,55.6388,4
-46.627,55.8569,4
-45.6561,56.0962,4
-44.6803,56.3145,4
-43.6976,56.4983,4
-42.7067,56.6292,4
-41.7088,56.6729,4
-40.7166,56.5658,4
-39.7696,56.2526,4
-38.8697,55.817,4
-37.9444,55.4427,4
-36.9653,55.2563,4
-35.9669,55.2631,4
-34.9779,55.4074,4
-34.0057,55.6409,4
-33.0508,55.9368,4
-32.1122,56.2815,4
-31.1472,56.542,4
-30.1746,56.7746,4
-29.1988,56.9933,4
-28.2189,57.1927,4
-27.2353,57.3727,4
-26.2483,57.5327,4
-25.258,57.6707,4
-24.2621,57.7622,4
-23.2635,57.8032,4
-22.2646,57.7822,4
-21.2696,57.6889,4
-20.2842,57.5219,4
-19.3132,57.2846,4
-18.3559,56.9958,4
-17.4028,56.6932,4
-16.4416,56.4181,4
-15.4673,56.1943,4
-14.483,56.0189,4
-13.4936,55.8746,4
-12.5005,55.7577,4
-11.5052,55.6607,4
-10.5108,55.556,4
-9.5193,55.4263,4
-8.532,55.2674,4
-7.5489,55.0843,4
-6.5692,54.8841,4
-5.5912,54.6754,4
-4.6144,54.4613,4
-3.6385,54.243,4
-2.6636,54.0205,4
-1.6891,53.7961,4
-0.715,53.5701,4
0.2588,53.3427,4
1.2325,53.1147,4
2.2067,52.8889,4
3.1846,52.6804,4
4.1663,52.49,4
5.1415,52.2689,4
6.1064,52.0063,4
7.0689,51.7352,4
8.0307,51.4614,4
8.9922,51.1864,4
9.9534,50.9106,4
10.9145,50.6345,4
11.8756,50.3585,4
12.8369,50.0828,4
13.7985,49.8085,4
14.7627,49.5435,4
15.7371,49.3894,4
16.6919,49.095,4
17.6791,48.9514,4
18.6573,49.1306,4
19.6031,49.4542,4
20.546,49.7871,4
21.5063,50.0637,4
22.4907,50.2266,4
23.4889,50.2424,4
24.4854,50.163,4
25.4697,49.9911,4
26.4199,49.6852,4
27.2417,49.1316,4
27.4918,48.198,4
27.2849,47.2223,4
27.0854,46.2499,4
27.6867,45.5376,4
28.5703,45.0811,4
29.3094,44.4078,4
30.0262,43.7106,4
30.7399,43.0101,4
31.4616,42.3179,4
32.2057,41.65,4
32.9618,40.9956,4
33.4804,40.368,4
33.6625,39.4199,4
34.2465,38.6126,4
34.8926,37.8494,4
35.5549,37.1002,4
36.3381,36.6383,4
37.2998,36.6628,4
37.0534,35.7129,4
37.6041,34.9309,4
38.3826,34.3035,4
39.1806,33.7009,4
39.9709,33.0884,4
40.715,32.4206,4
41.4438,31.7359,4
42.3731,31.3802,4
43.3143,31.0423,4
44.2354,30.6563,4
44.7554,29.8153,4
45.3469,29.009,4
45.9403,28.2041,4
46.5347,27.3999,4
47.1301,26.5965,4
47.7264,25.7937,4
48.3237,24.9917,4
48.9234,24.1915,4
49.2881,23.8478,4
19.426,67.247,3
18.4981,66.8744,3
17.5459,66.5717,3
16.5628,66.3966,3
15.5669,66.4305,3
14.5994,66.6765,3
13.6555,67.0056,3
12.724,67.3691,3
11.8024,67.7572,3
10.8864,68.1583,3
9.9738,68.5672,3
9.0649,68.9841,3
8.1584,69.4064,3
7.2529,69.8307,3
6.3468,70.2537,3
5.4272,70.6431,3
4.4398,70.7855,3
3.6049,71.2569,3
3.3554,72.2172,3
3.2546,73.2098,3
2.8735,72.3741,3
2.4967,71.4509,3
1.8543,70.6915,3
1.1456,69.9861,3
0.4316,69.2859,3
-0.286,68.5895,3
-1.0044,67.8938,3
-1.7241,67.1996,3
-2.4446,66.5061,3
-3.1656,65.8132,3
-3.8873,65.121,3
-4.6093,64.4291,3
-5.3317,63.7376,3
-6.0543,63.0464,3
-6.7773,62.3555,3
-7.5004,61.6647,3
-8.2236,60.9741,3
-8.9464,60.2831,3
-9.6142,59.5487,3
-10.5771,59.6235,3
-11.5518,59.8467,3
-12.5248,60.0776,3
-13.4972,60.3111,3
-14.4692,60.5459,3
-15.4414,60.7801,3
-16.4138,61.0136,3
-17.3868,61.2441,3
-18.3603,61.473,3
-19.3351,61.6959,3
-20.3116,61.9115,3
-21.2904,62.1162,3
-22.2748,62.2902,3
-23.2713,62.3485,3
-24.267,62.2709,3
-25.2436,62.0597,3
-26.2099,61.8019,3
-27.167,61.513,3
-28.1134,61.1901,3
-29.0555,60.8546,3
-29.9946,60.511,3
-30.932,60.1629,3
-31.8684,59.8118,3
-32.8039,59.4584,3
-33.739,59.104,3
-34.6933,58.9364,3
-35.6404,59.2571,3
-36.586,59.5825,3
-37.5323,59.9059,3
-38.4806,60.2233,3
-39.4313,60.5334,3
-40.3852,60.8332,3
-41.3446,61.1151,3
-42.316,61.3496,3
-43.3099,61.4033,3
-44.276,61.1517,3
-45.2439,60.9117,3
-46.2398,60.9528,3
-47.2102,61.1885,3
-48.1595,61.5027,3
-49.1056,61.8265,3
-50.0599,62.1252,3
-51.0286,62.3734,3
-52.0093,62.5684,3
-52.9972,62.7232,3
-53.9889,62.8513,3
-54.9794,62.9886,3
-55.9623,63.1714,3
-56.936,63.3988,3
-57.9013,63.6598,3
-58.8537,63.9642,3
-59.8001,64.2874,3
-60.7404,64.6276,3
-61.6707,64.9943,3
-62.596,65.3734,3
-63.5207,65.7541,3
-64.4497,66.1242,3
-65.3897,66.4649,3
-66.3431,66.7662,3
-67.3051,67.0392,3
-68.2537,67.3547,3
-69.1797,67.7313,3
-70.0761,68.1737,3
-70.9516,68.657,3
-71.8374,69.1205,3
-72.7554,69.5157,3
-73.695,69.8577,3
-74.6444,70.1711,3
-75.6215,70.3764,3
-76.6181,70.4497,3
-77.616,70.4028,3
-78.605,70.2556,3
-79.5874,70.0687,3
-80.5648,69.8575,3
-81.5388,69.6311,3
-82.5099,69.3923,3
-83.4804,69.1532,3
-49.8694,-75.2044,15
-49.0075,-74.6973,15
-48.1402,-74.1996,15
-47.2525,-73.7399,15
-46.3145,-73.3976,15
-45.3365,-73.1946,15
-44.3434,-73.0777,15
-43.3508,-72.9751,15
-42.4217,-72.6074,15
-41.4886,-72.2501,15
-40.5188,-72.0073,15
-39.5627,-71.7178,15
-38.664,-71.2848,15
-37.8603,-70.691,15
-37.0949,-70.0477,15
-36.3465,-69.3845,15
-35.6082,-68.71,15
-34.8768,-68.0281,15
-34.1494,-67.3418,15
-33.3837,-66.7007,15
-32.9973,-65.7914,15
-33.3267,-64.9217,15
-33.3139,-63.9218,15
-33.2957,-62.9219,15
-33.2707,-61.9223,15
-33.2317,-60.9231,15
-32.8519,-60.165,15
-32.5844,-59.296,15
-31.838,-58.7002,15
-31.0038,-58.163,15
-30.5252,-57.3012,15
-30.5202,-56.3099,15
-31.0186,-55.455,15
-31.5877,-54.6385,15
-31.761,-53.6643,15
-31.6394,-52.6726,15
-31.4409,-51.6928,15
-31.1976,-50.7229,15
-30.8988,-49.769,15
-30.3029,-48.9757,15
-30.0621,-48.0283,15
-30.0885,-47.0289,15
-30.155,-46.0312,15
-30.252,-45.036,15
-30.5591,-44.0984,15
-30.789,-43.1492,15
-30.6964,-42.1537,15
-30.7024,-41.1571,15
-30.9014,-40.178,15
-31.0267,-39.2077,15
-31.2323,-38.229,15
-31.4382,-37.2505,15
-31.6444,-36.272,15
-31.8511,-35.2936,15
-32.059,-34.3154,15
-32.2883,-33.3424,15
-32.4983,-32.3661,15
-32.6538,-31.3783,15
-32.8074,-30.3902,15
-32.9609,-29.402,15
-33.1156,-28.414,15
-33.2732,-27.4265,15
-33.447,-26.4419,15
-33.6718,-25.4676,15
-33.8726,-24.4882,15
-34.0152,-23.4985,15
-34.1427,-22.5067,15
-34.2756,-21.5155,15
-34.4257,-20.5269,15
-34.6013,-19.5425,15
-34.8036,-18.5632,15
-35.0199,-17.5869,15
-35.2183,-16.6069,15
-35.3811,-15.6203,15
-35.4439,-14.623,15
-35.4191,-13.6235,15
-35.366,-12.6249,15
-35.2968,-11.6273,15
-35.2124,-10.6309,15
-35.1106,-9.6361,15
-34.9926,-8.6431,15
-34.8912,-7.6484,15
-34.8151,-6.6513,15
-34.6975,-5.6588,15
-34.4518,-4.6908,15
-34.0866,-3.761,15
-33.597,-2.8905,15
-33.0144,-2.0783,15
-32.3972,-1.2919,15
-31.7613,-0.5202,15
-31.1086,0.2374,15
-30.4449,0.9854,15
-29.7747,1.7275,15
-29.097,2.4629,15
-28.4123,3.1917,15
-27.7217,3.915,15
-26.9122,4.4959,15
-26.07,5.035,15
-25.2232,5.5669,15
-24.3715,6.091,15
-23.5148,6.6067,15
-22.6522,7.1126,15
-21.7805,7.6026,15
-20.8991,8.0749,15
-20.0062,8.5248,15
-19.1029,8.9537,15
-18.1901,9.362,15
-17.2689,9.7511,15
-16.3409,10.1236,15
-15.4083,10.4845,15
-14.4748,10.8429,15
-13.5471,11.2161,15
-12.6512,11.6594,15
-11.7712,12.134,15
-10.835,12.4776,15
-9.8502,12.6365,15
-8.8505,12.6349,15
-7.8516,12.5889,15
-6.8536,12.5252,15
-5.856,12.4558,15
-4.8582,12.3903,15
-3.8595,12.3393,15
-2.8598,12.3157,15
-1.8605,12.3462,15
-0.8695,12.4789,15
0.1085,12.6872,15
1.0756,12.9413,15
2.0408,13.2027,15
3.0239,13.3527,15
3.811,12.8147,15
4.4377,12.0635,15
5.1208,12.6992,15
5.5682,13.5931,15
6.059,14.4621,15
6.7925,15.1323,15
7.7539,15.2081,15
8.6816,14.8372,15
9.5851,14.4086,15
10.492,13.9873,15
11.4038,13.5766,15
12.3131,13.1605,15
13.2211,12.7415,15
14.1282,12.3206,15
15.0348,11.8987,15
15.9411,11.476,15
16.8469,11.0523,15
17.7522,10.6275,15
18.6569,10.2015,15
19.5604,9.7729,15
20.437,9.2945,15
21.1858,8.6334,15
21.909,7.9428,15
22.6278,7.2475,15
23.3433,6.5489,15
24.0555,5.847,15
24.7637,5.141,15
25.4659,4.4291,15
26.1557,3.7052,15
26.8154,2.9539,15
27.4473,2.1789,15
28.0504,1.3813,15
28.6154,0.5566,15
29.0481,-0.3421,15
29.2857,-1.3131,15
29.4406,-2.3009,15
29.6031,-3.2875,15
29.8049,-4.2668,15
30.059,-5.2337,15
30.3732,-6.1829,15
30.7075,-7.1254,15
31.0247,-8.0737,15
31.3066,-9.0331,15
31.5559,-10.0014,15
31.7828,-10.9753,15
31.996,-11.9523,15
32.2064,-12.9299,15
32.434,-13.9036,15
32.7002,-14.8674,15
33.0062,-15.8194,15
33.2919,-16.7775,15
33.536,-17.7472,15
33.7624,-18.7212,15
33.9791,-19.6975,15
34.1863,-20.6758,15
34.3842,-21.656,15
34.5726,-22.638,15
34.7516,-23.6219,15
34.9211,-24.6074,15
35.0808,-25.5946,15
35.2251,-26.5841,15
35.3589,-27.5751,15
35.4834,-28.5673,15
35.5993,-29.5605,15
35.7071,-30.5547,15
35.8067,-31.5497,15
35.9001,-32.5454,15
35.9874,-33.5415,15
36.0678,-34.5383,15
36.1725,-35.5326,15
36.2588,-36.5276,15
36.1451,-37.5175,15
35.8528,-38.4734,15
35.5255,-39.4182,15
35.1872,-40.3593,15
34.8416,-41.2977,15
34.4913,-42.2343,15
34.139,-43.1702,15
33.7831,-44.1047,15
33.4258,-45.0387,15
33.0671,-45.9721,15
32.7066,-46.9049,15
32.3453,-47.8373,15
31.9839,-48.7697,15
31.6393,-49.7085,15
31.2791,-50.6411,15
30.851,-51.5446,15
30.3933,-52.4337,15
29.9038,-53.3054,15
29.3549,-54.1407,15
28.6256,-54.8162,15
27.7112,-55.2165,15
26.8138,-55.6573,15
25.9213,-56.1083,15
25.0388,-56.5786,15
24.1749,-57.082,15
23.3275,-57.6129,15
22.4885,-58.1571,15
21.6539,-58.7079,15
20.8217,-59.2623,15
19.9793,-59.8004,15
19.0358,-60.0336,15
18.0358,-60.0357,15
17.037,-60.081,15
16.0432,-60.1908,15
15.0665,-60.4034,15
14.1697,-60.8343,15
13.4429,-61.5112,15
12.9322,-62.3671,15
12.4765,-63.2567,15
11.9098,-64.0787,15
11.2599,-64.8383,15
10.589,-65.5798,15
9.8755,-66.2799,15
9.1182,-66.9327,15
8.3272,-67.5442,15
7.499,-68.1042,15
6.6482,-68.6296,15
5.786,-69.1362,15
4.9166,-69.6302,15
4.0417,-70.1145,15
3.163,-70.5919,15
2.2813,-71.0637,15
1.3984,-71.5333,15
0.6307,-72.1694,15
-0.1057,-72.8425,15
-0.8564,-73.503,15
-1.6061,-74.1649,15
-2.3554,-74.827,15
-3.1044,-75.4896,15
-3.7006,-76.2872,15
-4.2734,-77.1069,15
-4.8641,-77.9137,15
-5.4798,-78.7015,15
-6.1356,-79.4559,15
-6.8582,-80.1462,15
-7.6323,-80.7789,15
-8.4414,-81.3665,15
-9.2721,-81.9231,15
-10.1143,-82.4273,15
-10.7186,-83.2232,15
-11.2529,-84.0681,15
-11.7631,-84.9282,15
-12.2728,-85.7885,15
-12.7883,-86.6454,15
-13.3312,-87.4847,15
-14.1013,-88.1013,15
-14.7488,-88.8418,15
-15.1297,-89.7658,15
-15.3792,-90.7314,15
-15.9644,-91.4404,15
-16.9402,-91.2593,15
-17.9371,-91.2877,15
-18.796,-91.6047,15
-19.2886,-92.4747,15
-19.5248,-93.374,15
-18.9681,-93.9077,15
-18.7755,-94.7587,15
-17.8738,-95.1891,15
-17.4396,-95.8496,15
-17.3832,-96.848,15
-17.3241,-97.8462,15
-17.2632,-98.8444,15
-52.8128,6.6636,10
-52.3844,7.5673,10
-51.9571,8.4713,10
-51.528,9.3746,10
-51.0949,10.2759,10
-50.6495,11.1712,10
-50.1635,12.0449,10
-49.6138,12.8799,10
-49.015,13.6806,10
-48.3936,14.4641,10
-47.7643,15.2413,10
-47.1288,16.0134,10
-46.4875,16.7807,10
-45.8399,17.5426,10
-45.1845,18.2979,10
-44.5202,19.0453,10
-43.8485,19.7862,10
-43.1708,20.5215,10
-42.4849,21.2492,10
-41.7871,21.9654,10
-41.0681,22.6602,10
-40.3085,23.3099,10
-39.49,23.8829,10
-38.6385,24.4072,10
-37.8284,24.9918,10
-37.0766,25.6512,10
-36.3116,26.2949,10
-35.5034,26.8828,10
-34.6355,27.3779,10
-33.7047,27.7411,10
-32.7288,27.9537,10
-31.7312,27.9822,10
-30.7396,27.8605,10
-29.7539,27.6927,10
-28.7604,27.5853,10
-27.7615,27.546,10
-26.7615,27.5368,10
-25.7615,27.5329,10
-24.7615,27.5321,10
-23.7615,27.5334,10
-22.7616,27.5366,10
-21.7616,27.5411,10
-20.7616,27.5466,10
-19.7619,27.5582,10
-18.7633,27.6112,10
-17.765,27.67,10
-16.7668,27.7288,10
-15.7685,27.7873,10
-14.7702,27.8455,10
-13.7718,27.9029,10
-12.7733,27.9572,10
-11.7738,27.9693,10
-10.7761,28.0365,10
-9.7786,28.1075,10
-8.7813,28.1808,10
-7.7842,28.2562,10
-6.7873,28.3346,10
-5.7906,28.4163,10
-4.7943,28.5024,10
-3.7987,28.5961,10
-2.8048,28.706,10
-1.8138,28.8393,10
-0.8264,28.9972,10
0.1606,29.1577,10
1.1512,29.2941,10
2.1458,29.3977,10
3.1427,29.4759,10
4.141,29.5338,10
5.1401,29.5766,10
6.1395,29.6103,10
7.1391,29.6411,10
8.1385,29.6752,10
9.1375,29.7181,10
10.135,29.7885,10
11.1285,29.9023,10
12.1209,30.0253,10
13.118,30.0941,10
14.1172,30.0688,10
15.1126,29.9767,10
16.1018,29.8313,10
17.0824,29.6364,10
18.0511,29.3893,10
19.0032,29.0841,10
19.9375,28.7281,10
20.8432,28.3049,10
21.6988,27.7901,10
22.4858,27.1736,10
23.2695,26.5525,10
24.0607,25.941,10
24.8448,25.3204,10
25.6255,24.6956,10
26.4042,24.0682,10
27.1818,23.4393,10
27.9584,22.8094,10
28.7343,22.1785,10
29.4992,21.5373,10
30.1527,20.7804,10
30.8058,20.0232,10
31.4587,19.2657,10
32.1113,18.508,10
32.7635,17.7499,10
33.4153,16.9916,10
34.0666,16.2327,10
34.7169,15.473,10
35.3659,14.7122,10
36.0114,13.9485,10
36.6554,13.1835,10
37.3069,12.4248,10
37.9469,11.6566,10
38.4988,10.825,10
38.7565,9.8641,10
38.928,8.8795,10
39.1342,7.901,10
39.3396,6.9223,10
39.5458,5.9438,10
39.7534,4.9656,10
39.9642,3.988,10
40.1844,3.0126,10
40.444,2.0471,10
40.7525,1.0959,10
41.0685,0.1471,10
41.3972,-0.7973,10
41.7262,-1.7415,10
42.0127,-2.6995,10
42.2951,-3.6588,10
42.5993,-4.6113,10
42.9353,-5.553,10
43.3096,-6.48,10
43.7275,-7.3881,10
44.196,-8.2708,10
44.7216,-9.1212,10
45.2755,-9.9537,10
45.8484,-10.7734,10
46.431,-11.5861,10
47.0189,-12.3951,10
47.6151,-13.1979,10
48.2146,-13.9982,10
48.8177,-14.7959,10
49.4254,-15.59,10
50.0353,-16.3825,10
50.6479,-17.1729,10
51.2638,-17.9607,10
51.8833,-18.7457,10
52.5303,-19.5079,10
53.2783,-20.1628,10
53.5226,-21.1184,10
53.6621,-22.1085,10
53.8599,-23.0884,10
54.0884,-24.062,10
54.3196,-25.0349,10
54.5515,-26.0076,10
54.7837,-26.9803,10
55.0161,-27.9529,10
55.2484,-28.9256,10
55.4802,-29.8983,10
55.7116,-30.8712,10
55.9422,-31.8442,10
56.1713,-32.8176,10
56.3991,-33.7913,10
56.6232,-34.7659,10
56.8385,-35.7424,10
56.6548,-36.6821,10
56.4176,-37.651,10
56.2139,-38.63,10
55.9962,-39.606,10
55.7578,-40.5771,10
55.4897,-41.5404,10
55.1948,-42.4959,10
54.8907,-43.4486,10
54.5826,-44.3999,10
54.272,-45.3504,10
53.9597,-46.3004,10
53.6461,-47.25,10
53.3324,-48.1995,10
53.0192,-49.1492,10
52.7088,-50.0998,10
52.4657,-51.067,10
52.2427,-52.0365,10
51.818,-52.9417,10
51.3721,-53.8368,10
50.9063,-54.7216,10
50.4348,-55.6035,10
49.9745,-56.4912,10
49.5337,-57.3888,10
49.1339,-58.3053,10
48.7577,-59.2318,10
48.3893,-60.1615,10
48.0204,-61.0909,10
47.6421,-62.0167,10
47.243,-62.9335,10
46.7827,-63.8201,10
46.1331,-64.5728,10
45.3104,-65.1374,10
44.3988,-65.5417,10
43.4155,-65.4645,10
42.4321,-65.5243,10
41.4341,-65.4613,10
40.4363,-65.3948,10
39.4386,-65.3266,10
38.441,-65.2569,10
37.4441,-65.1792,10
36.4513,-65.0617,10
35.453,-65.0758,10
34.4601,-65.193,10
33.4706,-65.3373,10
32.4828,-65.4935,10
31.4972,-65.662,10
30.5164,-65.8569,10
29.7126,-66.2186,10
28.718,-66.3216,10
27.7392,-66.5216,10
26.7984,-66.8595,10
25.8317,-67.112,10
24.8485,-67.2945,10
23.8641,-67.4703,10
22.8838,-67.6671,10
21.9439,-68.001,10
21.0669,-68.4812,10
20.2252,-69.02,10
19.4616,-69.6636,10
18.7692,-70.3848,10
18.0991,-71.1271,10
17.4283,-71.8687,10
16.6983,-72.547,10
15.8295,-73.0401,10
15.0011,-73.6001,10
14.1885,-74.1829,10
13.3955,-74.792,10
12.6285,-75.4335,10
11.9059,-76.1244,10
11.2181,-76.8502,10
10.5492,-77.5935,10
9.8749,-78.3318,10
9.1116,-78.9704,10
8.1975,-79.3709,10
7.4662,-80.0373,10
6.9923,-80.9174,10
6.4844,-81.7775,10
5.864,-82.5603,10
5.1622,-83.2725,10
4.4815,-84,10
4.2022,-84.9216,10
3.6121,-85.715,10
4.2664,-86.4056,10
4.9153,-87.045,10
5.8838,-87.2936,10
6.8428,-87.5764,10
7.7645,-87.9612,10
8.636,-88.4505,10
9.4821,-88.9835,10
10.3259,-89.5201,10
11.1999,-90.0024,10
11.7282,-89.3868,10
12.2748,-88.6491,10
13.2582,-88.6853,10
13.9009,-89.4514,10
14.545,-90.2164,10
15.1935,-90.9671,10
14.8461,-91.9048,10
14.5355,-92.8551,10
14.3487,-93.8327,10
15.0193,-93.5416,10
15.6109,-92.7361,10
16.1472,-91.8921,10
16.649,-91.0273,10
16.9041,-90.0796,10
17.7313,-90.5078,10
18.6186,-90.8839,10
19.4321,-91.3441,10
19.9952,-92.1701,10
-80.3853,47.5515,5
-79.5611,48.1176,5
-78.7368,48.6839,5
-77.9125,49.2501,5
-77.0882,49.8162,5
-76.2639,50.3823,5
-75.4394,50.9482,5
-74.611,51.5083,5
-73.7767,52.0596,5
-72.963,52.6407,5
-72.1854,53.2691,5
-71.432,53.9266,5
-70.6374,54.5289,5
-69.6611,54.697,5
-68.6693,54.6097,5
-67.7484,54.2288,5
-66.7915,53.9457,5
-65.8102,53.7535,5
-64.8333,53.5406,5
-63.8657,53.288,5
-62.8996,53.0299,5
-61.9329,52.7739,5
-60.9652,52.522,5
-59.9961,52.2753,5
-59.0255,52.0346,5
-58.052,51.8061,5
-57.075,51.5928,5
-56.0935,51.4024,5
-55.1045,51.2579,5
-54.1066,51.2148,5
-53.1085,51.2643,5
-52.1163,51.3865,5
-51.1319,51.5626,5
-50.1491,51.747,5
-49.1527,51.7951,5
-48.1591,51.6839,5
-47.1602,51.6431,5
-46.1603,51.6375,5
-45.1603,51.6377,5
-44.1603,51.6422,5
-43.1603,51.6514,5
-42.1605,51.6688,5
-41.1671,51.7643,5
-40.1855,51.9271,5
-39.2417,51.6182,5
-38.2696,51.782,5
-37.2779,51.8912,5
-36.2791,51.9394,5
-35.2802,51.986,5
-34.2814,52.0357,5
-33.2829,52.0909,5
-32.2849,52.1541,5
-31.2878,52.2297,5
-30.2916,52.3173,5
-29.2963,52.4137,5
-28.3018,52.5181,5
-27.3081,52.6304,5
-26.3153,52.7502,5
-25.3234,52.8769,5
-24.3364,53.036,5
-23.3576,53.2387,5
-22.3619,53.2372,5
-21.3971,52.9802,5
-20.4127,52.81,5
-19.4205,52.686,5
-18.4278,52.5647,5
-17.4351,52.4442,5
-16.4425,52.3234,5
-15.4498,52.202,5
-14.4573,52.0799,5
-13.4651,51.9559,5
-12.4729,51.8307,5
-11.4811,51.7028,5
-10.4898,51.5712,5
-9.4991,51.4358,5
-8.5093,51.2933,5
-7.5219,51.1348,5
-6.5384,50.9538,5
-5.5586,50.7538,5
-4.5836,50.5321,5
-3.6118,50.2961,5
-2.6402,50.0596,5
-1.666,49.8339,5
-0.6892,49.6197,5
0.2899,49.4166,5
1.2712,49.224,5
2.2536,49.0373,5
3.2349,48.845,5
4.2129,48.6363,5
5.1872,48.4112,5
6.1573,48.1688,5
7.1222,47.9064,5
8.0814,47.624,5
9.0367,47.3282,5
9.9906,47.0279,5
10.947,46.736,5
11.912,46.4743,5
12.8988,46.3209,5
13.897,46.3198,5
14.8943,46.3877,5
15.8919,46.3352,5
16.8847,46.2154,5
17.8747,46.0746,5
18.8581,45.8938,5
19.8329,45.6711,5
20.796,45.4028,5
21.7447,45.0866,5
22.672,44.7123,5
23.5683,44.2699,5
24.4348,43.7714,5
25.2849,43.2452,5
26.1234,42.7003,5
26.949,42.1361,5
27.7701,41.5654,5
28.5849,40.9856,5
29.3937,40.3976,5
30.1993,39.8051,5
31.0008,39.2072,5
31.7981,38.6035,5
32.5926,37.9963,5
33.1978,37.2355,5
33.6439,36.3406,5
34.0927,35.4469,5
34.5709,34.5691,5
35.2823,33.8797,5
36.0235,33.2089,5
36.754,32.5259,5
37.4851,31.8437,5
38.2184,31.1638,5
38.9561,30.4887,5
39.6987,29.819,5
40.4342,29.1414,5
41.1837,28.4799,5
42.0159,27.931,5
42.9736,27.6626,5
43.8869,27.2837,5
44.5715,26.5567,5
45.1845,25.7668,5
45.7742,24.9592,5
46.3517,24.1428,5
46.921,23.3207,5
47.4854,22.4952,5
48.0473,21.668,5
48.6052,20.8381,5
49.156,20.0034,5
49.6977,19.1629,5
50.2308,18.3169,5
50.7587,17.4675,5
51.2815,16.6151,5
51.7993,15.7596,5
52.3118,14.9009,5
52.8172,14.038,5
53.2862,13.1552,5
53.6883,12.2398,5
53.6479,11.2913,5
53.2943,10.3559,5
52.9352,9.4226,5
52.5757,8.4894,5
52.2203,7.5547,5
51.8883,6.6117,5
51.921,5.6258,5
52.2558,4.685,5
52.7336,3.8089,5
53.4181,3.0877,5
54.2582,2.5471,5
55.1316,2.0602,5
56.0162,1.5937,5
56.9067,1.1388,5
57.8005,0.6903,5
58.6952,0.2437,5
59.5873,-0.2082,5
60.4704,-0.6772,5
61.3497,-1.1535,5
62.2294,-1.6291,5
63.1092,-2.1044,5
64.0042,-2.5023,5
0.7417,-43.7701,21
-0.1855,-43.3957,21
-1.108,-43.0095,21
-2.0273,-42.6162,21
-2.9441,-42.2167,21
-3.8577,-41.8102,21
-4.764,-41.3876,21
-5.6622,-40.9481,21
-6.4909,-40.3998,21
-7.0366,-39.572,21
-7.1056,-38.5847,21
-6.8389,-37.6221,21
-6.5236,-36.6731,21
-6.2015,-35.7264,21
-5.882,-34.7788,21
-5.5698,-33.8288,21
-5.2713,-32.8744,21
-4.9928,-31.914,21
-4.7237,-30.9509,21
-4.4575,-29.987,21
-4.1888,-29.0238,21
-3.9215,-28.0602,21
-3.6588,-27.0953,21
-3.4026,-26.1287,21
-3.1566,-25.1595,21
-2.9294,-24.1856,21
-2.7384,-23.204,21
-2.6488,-22.2095,21
-3.1412,-21.3822,21
-4.0086,-20.8866,21
-4.6264,-20.1651,21
-4.1745,-19.294,21
-3.4296,-18.6288,21
-2.6085,-18.0593,21
-1.7149,-17.6134,21
-0.7443,-17.3878,21
0.2525,-17.4208,21
1.1874,-17.7563,21
2.1269,-18.0951,21
3.086,-18.3779,21
4.0461,-18.6575,21
5.0067,-18.9357,21
5.9674,-19.2133,21
6.9282,-19.4903,21
7.8892,-19.767,21
8.6142,-20.2309,21
8.597,-21.2307,21
8.5795,-22.2306,21
8.5625,-23.2305,21
8.5461,-24.2303,21
8.5302,-25.2302,21
8.5155,-26.2301,21
8.5021,-27.23,21
8.4902,-28.2299,21
8.4817,-29.2299,21
8.4823,-30.2299,21
8.6726,-31.2015,21
8.8187,-32.1791,21
8.7053,-33.1719,21
8.9096,-34.1448,21
9.0665,-35.1231,21
9.6488,-35.9309,21
10.0566,-36.8421,21
10.3472,-37.7983,21
10.4449,-38.789,21
10.2223,-39.7625,21
10.2637,-40.7558,21
10.5304,-41.7188,21
10.6528,-42.7094,21
9.9652,-42.9399,21
9.0317,-42.6013,21
8.0383,-42.5431,21
7.2011,-43.0498,21
6.5799,-43.8326,21
5.9891,-44.6394,21
5.1486,-45.0927,21
4.1661,-44.9247,21
3.2081,-44.6383,21
2.2582,-44.3258,21
1.3158,-43.9913,21
-17.8448,-42.0823,19
-18.6694,-41.5532,19
-18.9295,-40.6029,19
-18.9656,-39.6037,19
-18.9928,-38.6041,19
-19.0709,-37.6076,19
-19.226,-36.6203,19
-19.4468,-35.6452,19
-19.6966,-34.677,19
-19.9568,-33.7114,19
-20.2142,-32.7451,19
-20.4427,-31.7719,19
-20.1955,-31.0218,19
-19.2384,-31.2975,19
-19.0223,-30.5362,19
-19.227,-29.5576,19
-19.4582,-28.5847,19
-19.702,-27.6149,19
-19.9535,-26.647,19
-20.2076,-25.6798,19
-20.4593,-24.7121,19
-20.6873,-23.7386,19
-20.8499,-22.752,19
-20.9453,-21.7569,19
-20.9474,-20.7582,19
-20.8228,-19.7663,19
-20.6325,-18.7847,19
-20.3932,-17.8138,19
-20.1082,-16.8555,19
-19.7894,-15.9077,19
-19.4604,-14.9634,19
-19.1237,-14.0218,19
-18.7812,-13.0823,19
-18.4321,-12.1452,19
-18.0732,-11.2118,19
-17.6871,-10.2896,19
-17.2167,-9.4077,19
-16.6752,-8.567,19
-16.1398,-7.7225,19
-15.6028,-6.8789,19
-15.039,-6.0532,19
-14.3673,-5.3158,19
-13.5667,-4.7173,19
-12.7507,-4.1395,19
-11.8978,-3.6179,19
-11.0124,-3.155,19
-10.0499,-2.8929,19
-9.0627,-2.7332,19
-8.0739,-2.584,19
-7.0843,-2.4405,19
-6.0944,-2.2989,19
-5.1043,-2.1585,19
-4.114,-2.019,19
-3.1239,-1.879,19
-2.1341,-1.7364,19
-1.1563,-1.5343,19
-0.1936,-1.2965,19
0.75,-1.579,19
1.7004,-1.8584,19
2.6971,-1.9378,19
3.6953,-1.9981,19
4.6938,-2.0514,19
5.6926,-2.1006,19
6.6915,-2.147,19
7.6906,-2.1907,19
8.6819,-2.2268,19
9.5052,-2.7932,19
10.3052,-3.3932,19
11.1095,-3.9873,19
11.9449,-4.5341,19
12.9027,-4.8137,19
13.6223,-5.4172,19
14.1701,-6.2535,19
14.721,-7.0881,19
15.2695,-7.9243,19
15.815,-8.7624,19
16.3568,-9.6029,19
16.893,-10.4469,19
17.4181,-11.298,19
17.8963,-12.1751,19
17.7092,-13.1224,19
17.8101,-14.0992,19
18.1013,-15.0558,19
18.406,-16.0082,19
18.7184,-16.9582,19
19.0336,-17.9072,19
19.3506,-18.8556,19
19.6686,-19.8037,19
19.9817,-20.7534,19
20.0913,-21.735,19
19.9409,-22.7236,19
19.7813,-23.7108,19
19.6199,-24.6976,19
19.4576,-25.6844,19
19.2947,-26.671,19
19.1317,-27.6577,19
18.9692,-28.6444,19
18.8078,-29.6312,19
18.6529,-30.6192,19
18.6185,-31.6163,19
18.7162,-32.5982,19
18.7182,-33.5982,19
18.701,-34.598,19
18.6578,-35.597,19
18.5798,-36.5939,19
18.45,-37.5852,19
18.2545,-38.5656,19
17.9955,-39.5314,19
17.6868,-40.4823,19
17.3348,-41.4182,19
16.9604,-42.3455,19
16.5647,-43.2637,19
16.106,-44.1518,19
15.4397,-44.8859,19
15.028,-45.7709,19
14.8301,-46.7511,19
14.646,-47.734,19
14.4634,-48.7172,19
14.2746,-49.6992,19
14.0652,-50.6769,19
13.638,-51.5626,19
12.8691,-52.2003,19
12.095,-52.8295,19
11.232,-53.3344,19
10.3973,-53.8845,19
9.6101,-54.5007,19
8.8924,-55.1953,19
8.2882,-55.9888,19
7.4287,-56.4707,19
6.5339,-56.9043,19
5.71,-57.471,19
4.8946,-58.0499,19
4.0845,-58.6361,19
3.2142,-59.0012,19
2.2152,-58.9575,19
1.2161,-58.9136,19
0.2171,-58.8696,19
-0.782,-58.826,19
-1.7536,-58.5983,19
-2.7256,-58.3634,19
-3.697,-58.1258,19
-4.6678,-57.8861,19
-5.6379,-57.6434,19
-6.607,-57.3969,19
-7.5757,-57.1484,19
-8.5424,-56.8927,19
-9.5079,-56.6324,19
-10.4717,-56.3656,19
-11.4308,-56.0825,19
-12.3828,-55.777,19
-13.3094,-55.4039,19
-14.0828,-54.7733,19
-14.7363,-54.0188,19
-15.2745,-53.1766,19
-15.7009,-52.2746,19
-15.9582,-51.3089,19
-15.9661,-50.3339,19
-15.7853,-49.3794,19
-16.1118,-48.4361,19
-16.2284,-47.4452,19
-16.2769,-46.4464,19
-16.3088,-45.447,19
-16.4076,-44.4549,19
-16.6625,-43.4888,19
-17.0836,-42.5866,19
-8.7014,-47.6554,20
-9.51,-47.0673,20
-10.3022,-46.457,20
-11.0883,-45.839,20
-11.8709,-45.2164,20
-12.5493,-44.5494,20
-12.6914,-43.5597,20
-12.9221,-42.5877,20
-13.4161,-41.7416,20
-14.3685,-41.4978,20
-15.3528,-41.3531,20
-16.2556,-40.9296,20
-16.844,-40.1473,20
-16.8722,-39.1536,20
-17.013,-38.1707,20
-17.37,-37.2373,20
-17.5949,-36.2739,20
-16.8356,-35.9296,20
-15.8742,-36.2024,20
-14.9149,-36.4846,20
-13.9288,-36.5916,20
-13.3945,-35.8932,20
-13.663,-34.9327,20
-14.0286,-34.0021,20
-14.3787,-33.0655,20
-14.6497,-32.1036,20
-14.7841,-31.1148,20
-14.7415,-30.1195,20
-14.5454,-29.1401,20
-14.2788,-28.1767,20
-13.9788,-27.2228,20
-13.6648,-26.2734,20
-13.351,-25.324,20
-13.0548,-24.3689,20
-12.8096,-23.3995,20
-12.698,-22.4077,20
-12.9672,-21.461,20
-13.613,-20.7027,20
-14.4158,-20.1077,20
-15.2608,-19.5731,20
-16.0043,-18.9208,20
-15.9763,-17.9495,20
-15.6351,-17.01,20
-15.3451,-16.0532,20
-14.9814,-15.1222,20
-14.564,-14.2135,20
-14.1061,-13.3249,20
-13.5143,-12.52,20
-12.8157,-11.8067,20
-12.0101,-11.2157,20
-11.2135,-10.6122,20
-10.4705,-9.9432,20
-9.7073,-9.2979,20
-8.8686,-8.7563,20
-7.9456,-8.3762,20
-6.9718,-8.1569,20
-5.9755,-8.0838,20
-4.9756,-8.0889,20
-3.9759,-8.0822,20
-2.9791,-8.0053,20
-1.9847,-7.9004,20
-0.9897,-7.8001,20
0.007,-7.7195,20
1.0047,-7.6515,20
2.0027,-7.5884,20
3.0009,-7.5278,20
3.9991,-7.4688,20
4.9975,-7.4113,20
5.9948,-7.383,20
6.8263,-6.8661,20
7.6943,-6.3924,20
8.6867,-6.4384,20
9.6565,-6.6784,20
10.5894,-7.0349,20
11.4356,-7.5605,20
12.103,-8.2977,20
12.5573,-9.1877,20
13.0312,-10.0676,20
13.6275,-10.8697,20
14.2447,-11.6558,20
14.6289,-12.5707,20
14.622,-13.5644,20
14.3617,-14.5267,20
13.8369,-15.3582,20
13.4611,-16.066,20
13.8026,-16.9998,20
14.0332,-17.9727,20
14.2164,-18.9556,20
14.3333,-19.9484,20
14.3599,-20.9473,20
14.2769,-21.9428,20
14.0746,-22.9215,20
13.841,-23.8938,20
13.6784,-24.8799,20
13.5834,-25.8751,20
13.5212,-26.8731,20
13.4797,-27.8722,20
13.4604,-28.872,20
13.4704,-29.8719,20
13.5324,-30.8697,20
13.7126,-31.8516,20
14.0525,-32.7916,20
14.3218,-33.752,20
14.3367,-34.7494,20
14.2057,-35.7404,20
14.1407,-36.7368,20
13.834,-37.6872,20
13.6108,-38.6613,20
13.4384,-39.6463,20
13.2877,-40.6348,20
13.1831,-41.6289,20
13.2744,-42.6181,20
13.5312,-43.5822,20
13.5732,-44.5793,20
13.4959,-45.5759,20
13.3719,-46.5682,20
13.2556,-47.5614,20
13.0788,-48.544,20
12.673,-49.4511,20
12.0037,-50.1865,20
11.2145,-50.8002,20
10.466,-51.4632,20
9.7236,-52.1261,20
8.8477,-52.5619,20
7.8491,-52.5646,20
6.8552,-52.4593,20
5.8673,-52.3039,20
4.8823,-52.1318,20
3.9231,-51.8681,20
2.9663,-51.5771,20
2.0097,-51.2858,20
1.0532,-50.9942,20
0.0968,-50.702,20
-0.8595,-50.4096,20
-1.8156,-50.1166,20
-2.7715,-49.823,20
-3.7272,-49.5287,20
-4.6824,-49.2326,20
-5.6368,-48.9341,20
-6.5884,-48.6268,20
-7.5285,-48.2861,20
-8.4233,-47.8425,20
